17.3247	-0.689082
19.842	-0.452087
17.3243	-0.709274
17.544	-0.449731
18.6546	-0.484574
19.2522	-0.679421
17.0394	-0.583979
17.8634	-0.624127
21.7877	-1.07974
78.18	-1.75435
151.599	-1.38907
221.856	-1.32937
600.818	-1.16945
1448.94	-0.817847
1577.5	-0.81127
1184.81	-0.945931
343.613	-1.32353
121.245	-1.36149
111.705	-0.819135
121.087	-0.740045
130.255	-0.390894
125.799	-0.388272
108.663	-0.534138
132.614	-0.912384
114.002	-1.44176
447.317	-1.65583
896.755	-1.53681
1104.95	-1.41464
1181.36	-1.31934
1232.63	-1.24062
1073.06	-1.00316
413.69	-1.43429
355.353	-1.67519
322.034	-1.79168
341.97	-1.64902
546.353	-1.14327
709.745	-0.843838
744.439	-0.789091
726.391	-0.864273
643.091	-0.954739
670.679	-1.058
573.045	-1.3736
525.179	-1.47117
581.856	-1.38667
515.308	-1.40625
441.296	-1.53435
445.308	-1.41997
371.578	-1.5956
358.969	-1.50596
383.524	-1.45332
354.894	-1.41239
383.8	-1.31489
407.782	-1.27986
451.739	-1.55486
457.042	-1.67189
519.572	-1.51987
444.443	-1.72037
445.081	-1.71958
473.001	-1.48222
398.746	-1.59664
294.241	-1.61107
246.559	-1.4106
151.272	-1.75854
115.138	-1.54922
131.533	-1.40792
136.881	-1.23224
119.594	-1.21416
103.313	-1.33656
98.2682	-1.29398
47.3888	-1.41735
30.5937	-1.54991
31.3046	-1.29846
28.976	-1.22557
34.2958	-1.13357
25.8061	-0.858071
25.3816	-0.785976
25.1439	-0.974418
22.9789	-0.699898
22.1002	-0.777977
22.141	-0.718056
22.9311	-0.707312
21.3656	-0.772424
21.5132	-0.687304
20.5788	-0.659615
19.4466	-0.67487
42.518	-0.596768
79.1324	-0.634378
108.869	-0.609633
115.121	-0.53088
122.96	-0.42411
145.943	-0.507988
130.399	-0.481499
137.81	-0.566271
160.767	-0.513169
138.053	-0.437211
103.573	-0.359046
106.867	-0.417739
72.7766	-0.630868
74.882	-0.682873
60.7204	-0.623133
42.3469	-0.923958
33.7083	-0.853169
24.0153	-0.94425
22.5231	-0.713804
20.8664	-0.568228
20.6538	-0.620555
21.2922	-0.734977
20.1315	-0.862056
23.0601	-0.74541
22.5088	-0.776776
28.7439	-1.02688
73.4357	-1.79729
205.599	-1.65819
552.974	-1.4203
931.554	-1.27327
850.241	-1.45782
850.732	-1.49013
657.446	-1.76414
579.545	-1.913
455.427	-2.07994
353.797	-2.31572
340.253	-2.20991
363.158	-1.966
359.473	-1.96871
414.981	-1.77283
528.309	-1.54455
681.211	-1.23395
590.566	-1.06619
395.338	-0.991063
383.545	-0.907575
297.111	-0.836828
161.088	-0.88311
147.581	-0.378543
172.568	-0.364172
322.965	-0.258932
322.502	-0.447096
194.803	-0.45818
185.814	0.130638
215.16	0.452593
264.754	0.306764
296.456	0.303007
254.801	0.182489
273.15	0.392343
253.423	0.0838706
213.743	-0.00615256
211.506	-0.0129208
187.174	-0.164811
154.269	-0.0578909
105.412	-0.559164
93.2171	-0.573517
78.0606	-0.775069
101.165	-1.42614
466.585	-1.04989
591.579	-1.08981
668.366	-1.14473
717.106	-1.14611
715.715	-1.22615
679.721	-1.20888
576.662	-1.32087
479.264	-1.34332
411.641	-1.18199
411.699	-1.10216
391.153	-1.23796
518.19	-1.14149
728.313	-1.02479
919.205	-0.860251
1023.28	-0.68068
910.109	-0.63711
655.222	-0.675201
302.909	-0.723841
78.5817	-1.33159
42.7485	-1.42323
36.3328	-1.48605
55.3982	-1.7389
41.0413	-1.55623
32.2188	-1.13032
34.7688	-1.11394
89.6282	-0.777739
276.25	-0.525601
169.459	-0.658731
73.3709	-1.02655
285.504	-1.60502
689.786	-1.51354
698.267	-1.51955
657.313	-1.57955
650.372	-1.66015
583.1	-1.74974
535.693	-1.73496
497.912	-1.7153
462.322	-1.79764
652.429	-1.30972
574.899	-1.48551
674.474	-1.28629
634.207	-1.38019
646.907	-1.35695
630.462	-1.5228
582.071	-1.575
565.436	-1.58941
610.049	-1.47426
684.034	-1.31992
689.679	-1.33137
709.806	-1.26252
739.173	-1.28217
758.875	-1.26934
760.525	-1.25795
678.229	-1.34081
614.046	-1.39443
500.119	-1.39624
451.191	-1.37633
416.475	-1.45028
406.775	-1.35894
391.135	-1.29455
437.852	-1.23109
483.031	-1.08555
447.328	-1.21114
390.074	-1.31809
396.697	-1.13619
438.607	-1.0079
253.895	-1.08318
159.478	-1.26911
145.819	-1.03751
140.086	-0.690229
183.628	-0.600217
197.305	-0.99245
288.545	-1.22157
492.453	-1.23861
699.484	-1.06144
766.12	-1.10016
863.193	-1.00141
897.817	-0.947673
814.784	-1.01662
601.598	-1.23314
436.704	-1.35152
319.381	-1.42659
249.708	-1.42943
185.004	-1.61052
143.335	-1.765
148.548	-1.59338
132.243	-1.75566
97.934	-1.97679
92.8358	-1.8822
80.5714	-1.84455
111.987	-1.6517
77.5217	-1.50286
41.0287	-1.55764
76.3868	-1.75976
96.3575	-1.83713
170.784	-1.68104
219.595	-1.56372
260.807	-1.42921
282.624	-1.17619
256.121	-1.33599
534.008	-0.993175
767.617	-0.981838
732.268	-1.3184
601.586	-1.45412
530.279	-1.51927
442.798	-1.6029
343.26	-1.81431
282.984	-1.87421
229.864	-2.01187
180.818	-2.24768
176.177	-2.04516
162.786	-2.0386
165.526	-1.94632
165.034	-2.11029
173.724	-2.18254
196.728	-2.15483
224.169	-2.00966
297.263	-1.7763
375.494	-1.68956
501.215	-1.44193
639.527	-0.699064
675.119	-0.603402
278.153	-1.15646
287.022	-1.08379
302.168	-1.11223
277.616	-1.15851
276.71	-1.13093
424.442	-0.677198
620.802	-0.38509
479.515	-0.868776
273.34	-1.42519
119.836	-1.78182
110.059	-1.79211
81.6741	-1.71469
57.2863	-1.6565
38.7699	-1.49276
31.0796	-1.33992
28.067	-1.2604
44.1435	-0.821518
419.964	-0.737244
146.794	-1.05474
100.538	-1.85434
249.818	-1.76355
385.006	-1.51524
418.907	-1.42688
363.465	-1.46886
282.599	-1.52509
328.413	-0.961094
423.066	-0.584494
355.248	-0.729619
408.443	-1.08201
506.81	-1.42464
736.633	-1.43396
804.381	-1.37355
1080.73	-1.23186
1086.48	-1.22538
985.078	-1.3471
920.422	-1.36707
693.824	-1.59445
309.634	-1.63916
57.8075	-1.67242
80.9476	-0.852848
257.541	-1.17219
264.599	-2.1664
174.666	-2.39929
98.8502	-2.24561
108.692	-1.53045
153.542	-1.31998
110.787	-1.64648
126.017	-1.20493
78.0804	-1.7535
71.5806	-2.08538
80.1798	-1.94166
90.5333	-2.26876
88.0016	-1.97111
83.3706	-2.11234
80.6444	-2.12288
78.2155	-1.94955
68.2506	-1.93626
63.3329	-1.6695
45.9384	-1.56776
38.3163	-1.44212
31.1295	-1.5085
30.5553	-1.0918
29.5557	-0.84973
31.5498	-0.92983
33.5008	-0.403624
23.4059	-0.909714
17.0534	-1.09125
22.0642	-0.725983
22.577	-0.640839
19.5685	-0.78461
22.1321	-0.63856
24.4705	-0.488638
23.0673	-0.620394
27.4409	-0.674369
42.5986	-0.393301
45.6654	0.0907967
40.4075	-0.358969
32.6547	-0.922081
86.09	-1.08228
180.083	-1.9646
271.839	-1.93235
252.016	-2.07624
678.75	-1.7153
1074.24	-1.36415
1033.65	-1.36953
1063.87	-1.40019
966.618	-1.40966
368.257	-1.40926
145.582	-0.584486
343.213	-0.782221
527.122	-1.67202
653.97	-1.52152
416.079	-1.50512
543.189	-1.42964
796.297	-1.44942
858.321	-1.3457
898.831	-1.17218
729.636	-1.20996
483.548	-1.23424
236.891	-1.82346
207.342	-2.00703
223.89	-1.87392
221.152	-1.77172
174.777	-1.86594
156.75	-1.57582
88.0061	-1.39538
43.4865	-1.26682
34.0445	-1.17918
32.7414	-1.08459
177.643	-1.29739
435	-1.0234
435.897	-1.7117
967.381	-1.57021
1244.46	-1.35696
1095.54	-1.43567
799.723	-1.44157
698.77	-1.60695
384.634	-1.80764
245.898	-1.75956
166.725	-1.82229
95.2744	-1.79799
56.6647	-1.81291
36.4697	-1.56443
35.295	-1.57905
37.2216	-1.25635
33.6846	-1.0097
179.066	-0.503303
155.392	-0.408153
427.439	-0.119256
215.783	-0.653099
380.295	-1.68429
651.622	-1.46397
531.744	-1.57943
239.924	-2.07006
65.5923	-1.59002
58.0617	-1.52891
59.8165	-1.30001
61.9731	-1.44291
65.5877	-1.81219
127.37	-1.74194
260.842	-1.89287
331.786	-1.92397
591.136	-1.45423
927.507	-1.30373
1304.22	-1.22288
1326.65	-1.20107
1081.62	-1.37199
828.75	-1.50954
525.2	-1.57312
743.562	-1.2007
1035.23	-0.653522
512.129	-0.553434
185.811	-1.04715
106.098	-1.20885
60.6083	-1.38041
47.3844	-1.39967
144.265	-0.805417
231.717	0.12043
168.17	1.06258
221.442	0.84887
244.305	0.616576
201.814	0.181917
91.4611	-0.820638
167.972	-1.88593
404.647	-1.23012
501.398	-1.2981
427.658	-1.54432
380.193	-1.60571
334.374	-1.63149
392.699	-1.49464
611.586	-1.1643
617.733	-1.07947
593.981	-1.1124
578.89	-1.15096
472.528	-1.25614
429.625	-1.22333
393.561	-1.15215
371.746	-0.904595
312.078	-1.06764
346.559	-0.922685
333.685	-1.33477
327.081	-1.57287
324.417	-1.60596
307.555	-1.63996
269.421	-1.69377
244.133	-1.70079
190.85	-1.80763
148.933	-1.85623
105.763	-2.08336
118.201	-2.11049
159.829	-2.04768
281.476	-1.86638
312.562	-2.02165
478.459	-1.89384
470.486	-2.10157
549.781	-1.59433
468.858	-1.6543
548.243	-1.56159
377.95	-1.69227
234.604	-1.97725
397.182	-1.61104
420.058	-1.55375
250.616	-1.62842
179.583	-1.55419
58.2361	-1.44653
152.526	-0.620598
350.486	-0.649983
195.048	-1.73179
134.137	-1.10435
91.9499	-0.717797
27.9972	-1.09113
23.4399	-0.685277
26.3086	-0.74486
23.4864	-0.673085
21.9614	-0.759354
32.0659	-0.732404
203.758	-0.80352
135.432	-0.709031
271.601	-0.635134
148.126	-0.945332
66.4951	-1.0006
97.5437	-0.449533
93.1019	-0.25729
43.973	-1.02906
33.7396	-0.959797
33.3368	-1.17664
33.8448	-1.07911
32.0481	-1.17116
32.3355	-0.949117
27.8529	-0.757249
27.0056	-0.979491
25.0195	-0.94218
26.7991	-0.866121
26.5804	-0.863516
28.652	-0.742186
25.958	-0.682383
797.391	-0.577353
1236.29	-0.420708
1237.43	-0.463108
1392.5	-0.424377
1442.42	-0.350775
1214.59	-0.444966
875.476	-0.633959
468.192	-0.858568
466.843	-0.66563
453.338	-0.405245
410.204	-0.440307
317.787	-0.642146
269.161	-0.755822
329.185	-0.712211
361.07	-0.622063
353.911	-0.873009
302.399	-1.2955
220.383	-1.64753
170.992	-2.09119
176.02	-2.29562
208.526	-2.20614
227.162	-2.02282
271.146	-1.67435
288.256	-1.54762
285.922	-1.36447
216.456	-1.51116
196.472	-1.5641
182.034	-1.61193
171.311	-1.59731
138.089	-1.67933
126.513	-1.71423
110.57	-1.75449
132.679	-1.65705
173.731	-1.6364
303.328	-1.54774
314.301	-1.46076
208.135	-1.49167
172.286	-1.28312
535.701	-1.67365
1106.39	-1.46288
1095.36	-1.51836
1023.8	-1.52565
859.92	-1.54738
492.18	-1.7096
189.287	-2.01027
486.048	-1.81737
216.492	-2.07921
216.445	-1.18188
264.385	-1.46317
158.979	-1.66689
170.979	-1.60147
145.778	-1.68918
134.468	-1.64563
146.792	-1.44064
184.304	-1.12366
239.655	-0.898697
239.172	-0.79315
238.812	-0.762128
220.877	-0.861534
269.42	-0.970329
445.604	-0.93598
591.007	-0.997864
618.336	-1.19038
636.169	-1.19231
663.24	-1.28287
669.152	-1.33671
589.488	-1.40125
606.936	-1.3941
591.893	-1.39699
485.262	-1.54933
445.24	-1.63242
352.675	-1.79626
266.836	-1.82424
215.536	-1.92381
236.364	-1.85687
294.132	-1.7439
377.046	-1.69782
490.934	-1.30493
439.908	-1.45722
267.87	-0.833755
96.3922	-0.539267
139.078	-0.359099
169.973	-1.32137
156.227	-1.43323
120.236	-1.40679
181.366	-1.54498
141.071	-1.3647
710.175	-0.447016
420.251	-0.346869
64.5326	-1.05387
60.1233	-1.44212
46.902	-1.5365
58.8947	-1.66352
59.7884	-1.25091
60.9883	-1.38439
72.0513	-0.800673
94.1958	-0.128765
176.937	0.221783
248.956	0.916356
184.841	0.829727
197.989	0.117092
465.843	-0.751695
826.243	-0.709372
806.946	-0.983865
884.532	-1.04868
846.061	-1.23871
695.224	-1.48705
603.958	-1.52912
551.513	-1.59498
496.177	-1.64107
474.819	-1.65752
441.735	-1.67982
294.012	-1.83051
278.716	-1.75581
84.8323	-1.62012
73.5504	-0.636685
29.8889	-1.06616
35.8999	-1.73674
52.9706	-2.12503
70.4924	-2.00947
103.246	-2.12335
121.663	-2.10645
142.043	-2.18274
171.215	-2.19816
208.805	-2.06957
252.17	-1.80959
224.015	-1.73095
187.118	-1.60765
179.981	-1.51489
151.209	-1.5787
128.362	-1.73129
97.6424	-1.81632
79.6108	-1.72149
63.2548	-1.67165
180.022	-1.26022
385.149	-1.44958
507.674	-1.41602
455.778	-1.53665
370.021	-1.45227
112.554	-1.59575
32.088	-1.52072
21.1821	-1.30861
21.7341	-0.946563
21.7204	-0.893547
18.9992	-0.997055
29.674	-0.696718
299.636	-0.767055
207.367	-1.38756
442.64	-1.67848
300.78	-1.83236
159.742	-2.10941
68.218	-2.01363
38.5846	-1.29708
27.8605	-0.937815
24.2164	-1.03748
22.233	-0.997438
48.6733	-0.481533
158.72	-0.290552
162.685	-0.497362
174.805	-0.683715
405.723	-0.438781
203.154	-0.553516
99.645	-0.998232
107.649	-1.02458
63.7775	-1.33835
80.2969	-1.38811
32.5078	-1.55463
24.3837	-1.31472
22.4718	-1.02272
18.9085	-0.809362
19.6709	-0.86116
16.9269	-0.630735
19.1135	-0.590196
22.7205	-0.703174
182.583	-0.813637
193.296	-0.958194
90.1904	-0.300325
65.0217	-0.247396
52.0649	-0.464206
44.6277	-0.701925
49.4754	-0.854627
38.8488	-0.631
23.4216	-0.750392
43.7221	-0.132128
23.322	-0.758229
16.8255	-0.657013
17.3361	-0.739463
15.8893	-0.739608
18.1548	-0.549475
17.6077	-0.5578
31.7836	-0.680209
19.6073	-0.892657
20.0405	-0.919163
20.6005	-0.751843
23.9783	-0.955774
38.9527	-1.57642
73.4584	-1.35726
35.8374	-1.0627
40.6691	-1.88417
88.907	-1.76081
128.666	-1.63173
131.012	-1.63222
114.09	-1.64864
103.024	-1.70394
87.2366	-1.74895
72.6868	-1.8763
55.1405	-1.94067
50.2905	-1.72419
42.5994	-1.46384
38.4432	-1.22437
87.9878	-0.749124
240.468	-0.500404
139.822	-0.739561
519.057	-0.81713
896.425	-0.681656
1103.68	-0.637613
1254.33	-0.645919
1158.56	-0.836106
910.73	-1.05755
541.581	-1.23576
255.311	-1.40953
226.316	-1.4276
180.506	-1.46087
131.462	-1.56448
91.1943	-1.62679
64.6194	-1.56553
49.936	-1.44119
38.3368	-1.41158
29.5786	-1.04529
25.6071	-0.932064
27.81	-0.765108
188.556	-0.346746
264.805	-0.529189
145.384	-0.678191
88.3504	-1.38193
171.906	-1.97109
235.05	-1.71614
199.312	-1.70106
173.549	-1.66747
152.691	-1.752
141.747	-1.83773
140.372	-1.9272
135.591	-1.99855
146.165	-1.94182
152.564	-1.98946
205.18	-1.85047
255.994	-1.79513
284.488	-1.66568
296.304	-1.46042
209.122	-1.32917
85.8154	-1.29376
40.6898	-1.61701
31.7259	-1.70628
28.0649	-1.31123
24.9206	-1.02467
153.483	-0.574471
330.102	-0.744436
151.039	-1.50773
680.19	-1.46969
754.88	-1.56243
826.866	-1.548
998.833	-1.39723
1018.37	-1.40317
1060.8	-1.35165
1138.63	-1.15353
1099.15	-0.992865
932.342	-0.963499
731.796	-0.894005
588.809	-0.748293
444.663	-0.717169
353.731	-0.73035
320.11	-0.728531
332.861	-0.613317
361.394	-0.615434
424.745	-0.631015
586.362	-0.631023
669.503	-0.782515
759.293	-0.968944
831.436	-1.117
809.726	-1.1746
664.842	-1.29115
473.203	-1.43275
292.803	-1.60087
193.711	-1.83679
164.989	-1.78225
178.878	-1.6632
161.942	-1.78958
151.815	-1.70862
140.629	-1.76566
129.868	-1.69705
111.821	-1.71595
101.762	-1.60878
93.1548	-1.57017
78.8855	-1.59645
64.5252	-1.53298
115.533	-0.56961
77.3361	-1.19497
136.036	-1.05991
292.646	-0.751249
514.446	-0.55286
668.631	-0.432198
731.741	-0.617286
605.921	-0.807737
477.347	-0.918873
301.913	-1.34009
122.783	-1.53551
38.9691	-1.49189
30.1619	-1.30863
33.144	-1.28755
30.1625	-1.18353
32.4561	-1.4293
34.9631	-1.19848
184.372	-1.27577
133.126	-1.33377
45.7233	-1.06233
52.7998	-1.177
213.9	-1.72256
550.85	-1.56973
664.947	-1.53756
749.456	-1.51227
848.904	-1.38632
826.69	-1.28888
796.543	-1.06308
782.794	-0.854817
676.067	-0.796789
408.627	-1.14924
268.939	-0.972476
225.49	-0.848251
192.709	-0.595402
203.658	-0.323955
216.814	-0.313612
226.925	-0.769299
254.353	-1.15519
408.189	-1.37786
512.343	-1.43713
639.311	-1.31161
569.586	-1.56087
493.728	-1.6697
381.79	-1.82251
276.169	-1.99323
220.912	-2.1034
212.753	-1.98612
205.216	-2.07084
212.416	-2.08557
237.57	-1.96536
245.361	-2.12113
280.189	-1.82209
329.886	-1.64492
361.805	-1.56981
402.493	-1.38886
434.346	-1.23403
349.271	-1.21866
190.597	-1.25957
96.8813	-1.12944
63.3575	-0.807406
67.1078	-0.590065
150.007	-0.33528
98.7193	-0.220718
102.497	0.0465316
89.9019	0.00306479
96.6203	-0.0242338
79.9303	-0.238949
85.3505	-0.522276
180.088	-1.20125
531.42	-0.854511
472.356	-0.977068
341.579	-1.08218
195.79	-1.22113
115.42	-1.39534
141.6	-1.26719
86.7941	-1.38788
43.6333	-1.58187
32.0946	-1.34846
26.9971	-1.17368
25.7719	-1.0926
25.32	-1.03152
22.2783	-0.968159
21.9445	-1.08484
92.5342	-0.859716
69.6133	-0.856285
107.694	-0.9986
89.7253	-0.389977
71.7185	-0.569993
67.5924	-0.408772
48.3819	-0.793859
42.0969	-1.03153
46.7511	-0.634761
31.2645	-0.875736
56.823	0.173529
33.0602	-0.556786
25.4662	-0.923679
22.8292	-0.893968
21.7866	-0.867208
21.5653	-0.880384
20.8715	-0.862468
20.5859	-0.743913
19.8143	-0.539464
21.5855	-0.784164
22.5988	-0.72597
20.1329	-0.819786
15.3924	-1.02402
24.3726	-0.71623
22.5642	-0.832052
25.4307	-0.601354
19.5655	-0.680012
21.7089	-0.874329
25.2993	-0.702059
24.44	-0.877667
31.827	-1.32631
100.173	-1.74268
168.625	-1.59261
314.155	-1.47809
469.833	-1.35471
617.927	-1.25826
761.446	-1.15437
663.753	-1.13452
291.456	-1.51691
166.218	-1.12252
167.682	-0.741222
270.001	0.0460189
303.521	0.772026
279.578	0.876447
205.72	0.62097
220.754	0.631517
177.657	0.317563
146.612	-0.479506
414.114	-1.08934
761.608	-0.975505
811.632	-1.02776
567.707	-1.26585
246.073	-1.49932
69.7928	-1.63887
49.6388	-1.40387
47.4266	-1.2987
42.8131	-1.29954
42.0449	-1.15562
41.4489	-1.29912
198.192	-0.450454
147.077	-0.739297
649.665	-1.76644
702.581	-1.90982
943.553	-1.75442
963.573	-1.71716
982.436	-1.63946
866.566	-1.72133
562.241	-2.02343
528.827	-1.82324
352.259	-1.89078
215.089	-1.75673
167.544	-1.46463
230.524	-0.717954
276.996	-0.352155
263.351	0.309006
231.614	0.211328
239.075	0.321026
227.781	0.508437
173.873	0.457636
186.922	0.229466
175.596	0.214788
209.134	0.132727
161.852	-0.0942244
101.287	-0.368475
198.54	-1.13097
790.866	-0.936537
899.847	-1.07296
807.259	-1.30659
818.823	-1.37687
849.013	-1.46198
776.053	-1.54802
723.448	-1.59208
639.609	-1.60259
539.579	-1.78527
515.002	-1.83433
499.544	-1.81691
479.491	-1.71884
448.924	-1.6879
359.956	-1.78188
306.996	-1.85627
242.247	-1.97672
202.862	-2.02511
165.951	-2.06396
144.668	-2.16057
168.85	-2.0334
177.879	-2.22016
194.08	-2.12502
201.474	-2.06507
226.61	-2.00523
260.34	-1.94931
289.031	-1.93442
318.117	-1.87364
294.942	-1.88567
287.461	-1.99707
302.669	-1.95627
323.626	-1.93909
372.931	-1.92693
436.618	-1.97806
577.972	-1.86668
759.484	-1.8645
897.108	-1.79854
863.198	-1.86592
963.917	-1.78666
1103.32	-1.71221
1101.42	-1.80953
1219.62	-1.73224
1206.85	-1.6754
1085.27	-1.82594
1093.87	-1.80492
1090.86	-1.78625
1174.19	-1.72214
1010.44	-1.71973
969.747	-1.74457
899.359	-1.8351
829.121	-1.90853
829.996	-1.87841
736.552	-1.99541
570.252	-2.11392
444.308	-2.2435
365.846	-2.35358
318.584	-2.29959
250.714	-2.5184
234.236	-2.44564
246.122	-2.19996
209.967	-2.46929
240.585	-2.32313
274.591	-2.14938
326.84	-2.0844
381.942	-1.89066
429.224	-1.78102
440.355	-1.81886
361.678	-1.94141
229.435	-1.70643
138.883	-0.877201
230.099	-0.153336
327.948	0.65374
395.633	0.453962
400.891	-0.512971
513.213	-1.81881
771.181	-1.70813
819.396	-1.73443
736.62	-1.83311
646.227	-1.8145
412.15	-1.86172
165.038	-2.00807
90.9444	-2.01957
80.7139	-1.75335
89.1842	-1.68386
80.7486	-1.60571
62.207	-1.6948
57.4234	-1.68798
54.9386	-1.73027
53.8588	-1.69881
53.3198	-1.52817
51.6274	-1.6773
185.849	-1.03023
352.884	-1.18922
555.866	-1.08636
697.857	-0.851083
746.504	-0.715609
793.871	-0.653037
781.243	-0.613214
721.165	-0.745388
740.218	-0.713114
724.956	-0.744742
740.82	-0.831634
737.082	-0.773105
556.315	-0.780749
276.609	-0.440659
95.9595	-0.736801
202.055	0.187659
281.302	0.238877
471.979	0.384637
349.408	0.949984
447.332	1.0111
474.331	0.971875
446.206	1.13908
441.533	0.921552
416.396	0.953854
440.996	0.875398
399.174	0.893519
409.624	0.867405
360.425	0.586348
329.556	0.317381
176.054	-0.0904178
89.773	-0.774947
77.6338	-1.44936
166.829	-1.91551
212.8	-1.84169
178.469	-2.015
151.423	-2.17326
124.189	-2.03543
103.989	-2.31267
83.9121	-2.11255
94.0826	-2.0808
50.3263	-1.80043
37.7166	-1.66884
65.4277	-1.8224
53.4242	-1.38542
48.4947	-1.37514
48.9394	-1.2473
64.0725	-1.15945
59.4346	-1.24413
95.0935	-1.02075
119.528	-0.683824
133.169	-0.819044
196.148	-0.735573
252.239	-0.575867
365.136	-0.552408
499.49	-0.463447
460.847	-0.708932
432.68	-0.877441
419.419	-0.950996
294.398	-1.08328
230.949	-1.13674
241.873	-1.08536
277.973	-1.19544
355.976	-1.1204
426.637	-0.912227
512.699	-0.782225
583.214	-0.697149
694.089	-0.545984
701.008	-0.567017
774.845	-0.497404
744.312	-0.581587
646.025	-0.616512
130.316	-1.15181
59.0574	-1.58282
50.0318	-1.56508
152.221	-1.12862
150.494	-1.52706
166.435	-1.69884
142.68	-1.78077
104.048	-1.992
96.8872	-2.09839
83.021	-2.09725
66.9197	-2.13922
64.3742	-1.98964
59.345	-2.0049
54.5205	-1.59326
53.0254	-1.57955
78.5826	-0.394247
81.8978	-0.0319311
40.0649	-1.04483
38.3469	-1.19245
33.302	-1.19369
35.7039	-1.10331
27.1654	-0.854174
27.86	-0.880485
24.8029	-0.804165
29.5926	-0.937462
28.3793	-0.795531
11.4288	-0.775329
17.1498	-0.609224
18.1829	-0.583502
18.5084	-0.670987
17.1805	-0.796791
18.5314	-0.626113
17.0115	-0.700094
18.3494	-0.430323
19.5174	-0.725385
33.1368	-0.623429
94.4127	-0.746822
41.8298	-0.298496
30.0954	-0.215816
42.1829	-0.329685
43.8582	-0.397059
55.2983	-0.28576
62.7434	-0.280644
61.5782	-0.260616
53.5999	-0.173779
50.8712	-0.100537
40.4703	-0.360362
33.8181	-0.636385
28.1716	-0.461159
22.3996	-0.548922
19.3879	-0.836993
19.7963	-0.667574
18.0317	-0.604805
17.3219	-0.651601
20.2724	-0.71596
37.4939	-0.352294
62.258	0.369915
80.8254	0.327787
97.0502	0.285437
100.317	0.429763
129.342	0.291764
136.25	0.397003
136.68	0.332495
86.9042	-0.0975419
83.2767	-0.983895
267.45	-1.05839
432.833	-1.0048
542.315	-1.06854
528.178	-1.26806
385.871	-1.64117
207.38	-1.90771
144.734	-2.06451
154.911	-2.13134
237.236	-1.98838
343.967	-1.84663
553.383	-1.6368
870.065	-1.43946
1071.22	-1.32671
868.479	-1.33221
628.437	-1.40608
340.466	-1.75261
198.999	-2.0149
113.698	-2.11924
112.249	-1.92123
130.17	-1.528
97.6411	-1.34341
95.824	-1.05587
128.321	-0.294827
129.62	-0.266553
111.984	-0.0164361
119.733	0.226467
124.622	0.0239841
120.75	0.0635921
99.2639	-0.240775
91.5159	-0.332954
76.5306	-1.22878
563.419	-1.27456
1038.62	-1.1002
927.96	-1.11663
804.311	-1.30745
805.228	-1.15039
751.054	-0.982473
461.672	-0.867123
88.0195	-1.64409
114.37	-1.353
285.577	-1.24433
597.511	-1.11131
688.706	-1.1417
567.999	-1.34055
482.997	-1.46193
413.749	-1.55836
365.981	-1.58227
353.829	-1.4875
317.009	-1.39882
311.464	-1.02208
316.539	-0.790969
312.809	-0.624016
340.654	-0.465289
377.58	-0.423873
422.711	-0.371249
510.841	-0.404337
542.953	-0.573639
369.463	-1.04035
321.671	-0.941575
292.324	-1.1289
215.84	-1.57061
222.822	-1.47901
221.982	-0.942591
211.097	-0.522837
199.77	-0.601184
207.941	-1.16184
332.623	-1.16382
444.243	-1.24526
522.176	-1.24532
545.468	-1.2152
434.527	-1.35649
228.469	-1.46485
64.0619	-1.56354
29.8469	-1.5078
27.1095	-1.2868
33.3066	-1.24984
59.7136	-0.904469
259.042	-0.71722
179.07	-0.794815
186.023	-1.4716
448.171	-1.2235
535.733	-1.1406
500.31	-1.09026
335.768	-1.30679
202.773	-1.30119
122.607	-1.58027
76.9892	-1.78102
71.7455	-1.96559
74.0339	-1.66817
82.9045	-1.44803
64.2735	-1.62428
44.8931	-1.756
47.7437	-1.72474
41.0982	-1.78404
36.1823	-1.36293
32.933	-1.43092
39.3344	-1.52473
37.9194	-0.839914
120.9	-0.0746683
338.871	0.104821
144.239	0.571154
129.48	0.752408
112.382	0.629011
100.079	0.325171
106.208	0.7391
109.726	0.778896
77.2311	0.0541552
78.2173	-0.14926
87.9662	0.27922
31.7355	-0.675153
26.4949	-0.698185
24.6685	-0.848523
26.0478	-0.757611
27.5464	-0.827342
21.2605	-0.733159
19.5101	-0.761479
22.2606	-0.961651
21.3659	-1.16123
19.7835	-0.968501
21.0818	-0.823231
20.3205	-0.653054
21.2638	-0.766451
22.65	-0.924637
21.2502	-0.535009
19.4419	-0.509914
19.1154	-0.503484
9.87747	-0.414024
15.2	-0.498696
14.6194	-0.554768
15.4112	-0.472459
17.9797	-0.563758
16.0768	-0.419
17.5877	-0.51015
14.7337	-0.61319
17.8504	-0.629905
134.215	-0.927031
215.861	-1.10385
60.5019	-1.01854
67.321	-0.983388
163	-1.52739
322.722	-1.81483
485.326	-1.74103
424.165	-2.00956
285.571	-2.24077
208.778	-2.21173
184.453	-1.88707
152.098	-1.83482
158.272	-1.60059
116.85	-1.7901
77.6123	-1.87699
61.0216	-1.73058
48.7356	-1.5064
38.7073	-1.1271
186.759	-0.781669
257.019	-0.765466
249.175	-1.69739
821.797	-1.61618
949.153	-1.66951
1235.67	-1.54965
1507.16	-1.41763
1506.79	-1.43419
1542.42	-1.41826
1546.82	-1.35145
1454.73	-1.38138
1204.02	-1.46784
1082.83	-1.45012
852.468	-1.63392
694.838	-1.73673
558.463	-1.88574
438.442	-2.01366
396.313	-1.85986
285.79	-1.77083
254.358	-1.74969
215.837	-1.76836
201.4	-1.559
144.608	-1.76369
86.5336	-1.80784
52.2541	-1.43766
33.7371	-1.40178
29.1837	-1.54582
34.4227	-1.34123
102.726	-1.78599
99.8842	-1.87011
104.404	-2.16643
328.883	-2.17637
446.617	-1.99308
478.076	-1.82235
381.67	-1.86086
226.406	-2.01301
167.906	-1.79724
146.798	-1.73611
108.925	-1.90178
77.6313	-1.81132
50.4982	-1.96618
43.5443	-1.47223
38.0543	-1.27896
270.305	-0.743243
247.35	-0.387039
254.591	-0.0477884
250.824	-0.56438
195.231	-0.542196
119.516	-0.120709
206.923	-1.49914
526.268	-1.52228
650.004	-1.5163
696.065	-1.48673
696.69	-1.51651
742.28	-1.49153
724.012	-1.59554
741.458	-1.64543
592.448	-1.89435
404.478	-2.04135
197.769	-2.11502
87.0025	-1.78714
55.504	-1.06798
125.901	-0.145687
300.285	-0.356549
305.362	-1.07341
322.017	-1.28537
268.468	-1.41118
394.027	-1.37853
684.181	-1.21942
806.988	-1.05888
753.015	-1.05451
691.271	-1.01931
576.129	-0.991308
469.782	-0.999308
376.805	-1.01241
331.349	-1.02953
307.123	-0.97076
314.754	-0.895283
365.084	-0.792351
404.352	-0.74538
420.791	-0.641855
429.978	-0.630376
441.607	-0.565865
445.387	-0.586986
378.488	-0.754335
210.854	-1.33908
195.224	-1.80922
210.756	-1.75066
220.838	-1.72878
242.046	-1.65215
297.836	-1.38395
515.496	-0.848175
514.477	-0.842296
506.76	-0.808869
489.405	-0.942611
316.614	-1.40808
256.645	-1.65164
228.221	-1.69281
232.591	-1.60484
213.106	-1.60218
188.581	-1.5708
170.886	-1.54967
158.278	-1.50056
161.771	-1.84192
133.468	-2.15536
111.665	-2.10875
130.776	-2.18
152.666	-2.19223
174.363	-1.9748
172.613	-2.05868
178.529	-1.89136
174.423	-1.88747
151.295	-1.9801
140.248	-1.94341
144.173	-1.93615
194.998	-1.93375
315.951	-1.69365
482.27	-1.75328
748.222	-1.62533
780.281	-1.65954
707.148	-1.70759
494.412	-1.96977
407.964	-2.07366
357.368	-2.12349
520.797	-1.65839
443.131	-1.64019
403.3	-1.67193
373.396	-1.57048
294.124	-1.63341
276.841	-1.36323
411.327	-1.0955
355.187	-1.16791
250.469	-1.15691
287.887	-1.13011
320.652	-1.2362
367.337	-0.901216
310.936	-1.27591
200.203	-1.61928
87.6539	-1.10403
46.2555	-1.01197
69.3384	-0.559772
70.8809	-0.199975
55.8791	0.0928719
65.6076	0.0364967
254.985	-1.51666
268.354	-1.59034
213.341	-1.98475
162.189	-2.00853
142.702	-1.81446
135.975	-1.74038
127.778	-1.60635
112.725	-1.63883
97.2762	-1.67509
82.6636	-1.6039
73.6091	-1.32714
65.2323	-1.36281
49.8646	-1.3898
53.1202	-1.26437
54.3828	-0.825856
69.7489	0.124819
75.1289	0.561178
74.9996	0.700263
72.6139	0.749897
76.3485	0.515687
69.1462	0.502594
83.4903	0.376028
84.9457	0.374208
85.4624	0.609381
93.2496	0.656895
64.2642	0.681075
49.684	0.0925678
37.34	-0.59252
29.5826	-1.11518
173.112	-1.45138
194.576	-1.77324
284.577	-1.57429
413.917	-1.59831
498.15	-1.52475
561.138	-1.42143
651.429	-1.28465
653.863	-1.29149
627.809	-1.35207
531.712	-1.46745
473.195	-1.4209
454.861	-1.31656
370.522	-1.33563
272.708	-1.36827
159.015	-1.32767
69.4152	-1.706
39.4649	-1.7605
38.9682	-1.28897
46.2532	-0.969446
253.886	-0.65571
224.867	-0.786685
372.81	-1.66233
907.386	-1.39076
1067.85	-1.3425
1056.67	-1.32435
887.261	-1.34818
520.443	-1.46763
217.224	-1.66095
179.332	-1.58518
142.973	-1.61857
98.5864	-1.71837
65.9642	-1.73193
42.9895	-1.58217
30.7523	-1.40554
28.74	-1.18873
181.873	-0.368518
314.757	-0.705271
298.267	-1.25939
826.131	-0.711371
884.67	-0.530682
725.125	-0.468781
449.982	-0.642455
233.262	-0.859014
91.8398	-1.03994
57.6992	-1.48343
61.931	-1.6885
64.7807	-1.7238
60.2189	-1.67292
63.0947	-1.63273
68.1133	-1.89615
73.4851	-1.76216
58.0892	-1.57562
50.0664	-1.57458
112.53	-0.993077
407.018	-1.1442
1009.47	-1.60928
1418.55	-1.4175
1401.42	-1.33808
1385.95	-1.11885
1266.31	-0.842195
1060.84	-0.711658
563.298	-0.823717
149.364	-1.48407
138.437	-1.96124
150.006	-1.87776
167.419	-1.84602
167.878	-1.82076
145.999	-1.87981
109.592	-2.07325
105.138	-1.96339
98.5715	-2.02104
73.021	-2.16529
68.6506	-1.94719
78.3586	-1.62548
185.708	-1.29465
246.855	-1.55572
380.139	-1.64385
418.516	-1.56899
288.884	-1.44901
153.718	-1.39181
113.023	-1.16403
157.395	-0.432152
161.405	0.19343
143.805	0.323855
133.764	0.507646
153.014	0.174405
194.874	0.0469308
194.192	-0.264272
126.233	-0.780894
118.23	-1.38153
401.413	-1.79585
940.051	-1.25573
924.549	-1.45538
771.562	-1.57746
559.268	-1.5554
264.084	-1.76015
374.107	-1.64423
98.0406	-2.02026
54.2617	-2.01001
54.7344	-1.41977
73.2156	-1.43918
50.6941	-1.7877
40.8024	-1.68955
33.2324	-1.44742
94.6182	-1.44432
64.487	-1.27588
52.9543	-1.46566
62.6813	-1.89637
54.1345	-1.35934
34.8606	-1.44862
48.3892	-1.25686
187.493	-1.32271
116.334	-1.08359
63.5675	-0.868119
54.5239	-1.10671
861.781	-1.31098
1018.22	-1.67925
1128.68	-1.44945
1055.84	-1.25373
776.975	-1.19681
348.206	-1.23876
100.187	-1.04155
41.8872	-1.32948
39.7578	-1.39909
44.004	-1.01288
134.702	-0.257125
181.746	-0.636018
213.634	-0.286144
198.331	-1.26406
408.561	-1.18876
528.809	-0.933013
509.238	-0.915744
391.66	-1.02263
317.543	-0.968442
213.979	-0.94499
147.117	-0.945355
162.03	-0.63689
247.697	0.213681
232.145	0.702115
172.593	0.651859
95.7253	0.183819
125.873	-1.03478
42.0344	-0.959031
35.2395	-0.864722
27.0393	-1.04359
27.5119	-1.08201
39.7403	-0.541778
71.6908	-0.160373
83.4563	0.218903
85.4349	0.201854
128.302	0.107347
431.051	0.157669
198.87	-0.237378
268.972	-0.675745
403.659	-0.807877
262.658	-0.807224
86.5016	-1.06849
48.3741	-1.10013
33.115	-1.15998
56.8271	-0.552765
145.768	-0.361565
335.197	-1.46867
767.586	-1.63261
1112.43	-1.48708
1078.83	-1.5143
1034.45	-1.51872
973.864	-1.54888
992.499	-1.59551
1026.66	-1.50142
964.167	-1.51075
712.379	-1.73186
440.651	-1.8346
110.807	-2.05386
46.4528	-1.64286
38.106	-1.36678
34.1099	-1.18033
33.6058	-1.11764
46.8497	-0.689607
294.746	-0.389284
92.8172	-0.852631
94.9916	-1.89195
129.366	-2.05225
88.7494	-1.94442
122.279	-2.08983
162.695	-2.13336
234.477	-1.80582
283.468	-1.47184
252.637	-1.47468
264.574	-1.24366
251.537	-0.890931
226.067	-0.564145
228.097	-0.415697
325.382	0.053056
351.797	0.144901
402.641	-0.120508
545.299	-0.640269
847.01	-0.646116
951.849	-0.623799
754.865	-0.802434
414.817	-1.03331
140.027	-1.33052
59.4749	-1.38118
47.2237	-1.32201
40.8197	-1.11383
33.7554	-1.16432
32.9584	-1.03714
27.1345	-1.05205
26.2731	-0.940093
39.2514	-0.905722
267.555	-0.586614
205.463	-0.379494
98.9163	-1.46164
368.924	-1.74535
436.361	-1.56018
448.04	-1.53357
520.484	-1.3367
509.655	-1.05706
471.226	-0.916947
341.216	-0.836851
430.082	-0.474725
302.623	-0.241378
362.781	-0.209209
289.148	-0.0441405
43.813	-0.844417
33.1476	-1.24546
27.4877	-0.968232
44.8077	-0.145947
282.422	0.332705
170.417	-0.459847
272.874	-0.745344
288.696	-0.703409
684.248	-0.319847
630.348	-0.417373
764.123	-0.178888
516.719	-0.486118
503.251	-0.472425
457.816	-0.560186
460.846	-0.624325
472.898	-0.592584
442.586	-0.797653
361.168	-1.14774
263.588	-1.43298
169.244	-1.8833
170.685	-1.98893
173.398	-2.08455
218.93	-1.84108
229.907	-1.84457
225.558	-1.8602
212.205	-1.92515
220.092	-1.87902
202.971	-1.94529
214.002	-1.91812
424.264	-1.63433
586.964	-1.49213
701.647	-1.42184
601.987	-1.49388
534.097	-1.48929
406.935	-1.60336
348.075	-1.46789
331.115	-1.32544
350.916	-1.08453
349.143	-0.955173
339.936	-0.916519
342.313	-0.836742
377.848	-0.9102
432.266	-0.964464
492.312	-1.12843
476.1	-1.34422
444.791	-1.50209
375.9	-1.64527
218.524	-1.88521
63.1154	-1.91051
34.1361	-1.31364
28.3852	-1.3664
29.3966	-1.15087
29.0971	-0.926246
37.1267	-1.25707
158.405	-0.682599
170.563	-0.99133
60.4384	-1.29521
247.706	-1.75017
445.73	-1.45808
428.709	-1.32389
352.467	-1.36591
321.461	-1.42269
335.656	-1.44173
339.715	-1.38846
350.245	-1.34345
355.313	-1.41846
406.134	-1.33337
435.455	-1.31312
506.536	-1.24811
626.362	-1.03743
617.697	-0.999846
615.845	-0.935367
561.438	-0.880454
404.011	-0.857326
178.534	-1.43866
148.437	-1.67129
113.179	-1.81597
112.764	-1.68712
88.0806	-1.70241
73.0423	-1.64625
39.7067	-1.5283
39.6469	-1.3393
143.524	-0.242504
140.73	-0.183297
56.2859	-0.323084
69.5635	0.0835674
224.108	-0.461612
168.283	-0.430361
126.414	0.282912
192.04	0.331639
81.82	-0.387505
69.3314	-1.12459
390.68	-0.9794
565.209	-0.791846
431.762	-1.02832
345.52	-1.32681
359.074	-1.40943
361.722	-1.55213
386.616	-1.67094
460.803	-1.59452
470.43	-1.60309
503.141	-1.67252
573.648	-1.61486
709.464	-1.41932
674.826	-1.57285
697.069	-1.57713
752.314	-1.44438
650.542	-1.6054
715.536	-1.44898
650.147	-1.47927
662.123	-1.37353
602.448	-1.24549
560.912	-1.17677
487.572	-1.03065
443.008	-1.06473
376.328	-1.13993
270.239	-1.37268
171.664	-1.65258
138.022	-1.86721
126.797	-1.80504
106.662	-1.64696
93.916	-1.59383
75.7734	-1.49147
45.2802	-1.60239
37.3816	-1.47039
71.9372	-1.56541
87.1502	-1.75387
55.7919	-1.84127
39.2971	-1.44153
63.0703	-2.05451
120.167	-2.35999
213.699	-2.07856
236.394	-2.12019
283.064	-1.94716
202.882	-1.98186
47.2734	-1.78559
45.0729	-1.48054
37.9176	-1.35334
28.1265	-1.22634
26.4736	-1.04539
28.2391	-1.00013
26.3097	-0.993798
31.8496	-1.0413
29.6258	-0.866413
32.7812	-0.984458
43.9999	-0.840771
279.171	-0.589097
67.3042	-0.903713
36.8642	-1.45042
108.454	-2.36695
166.727	-2.23311
192.39	-2.1145
164.813	-2.22732
81.5477	-2.33416
72.1552	-2.04213
95.0302	-2.2078
124.827	-1.77124
137.399	-1.29466
73.3724	-1.59097
83.9272	-2.15201
180.931	-1.09564
137.359	-1.63523
126.71	-1.67329
108.411	-1.80446
100.079	-1.68114
90.2242	-1.64743
77.9353	-1.39116
63.7702	-1.31151
43.891	-1.28614
34.7209	-1.143
29.6869	-1.06083
28.4802	-1.10056
11.1462	-0.505785
15.104	-0.563884
14.8924	-0.70513
15.2089	-0.587018
15.0983	-0.501236
15.885	-0.675808
15.4516	-0.50876
16.4768	-0.487748
81.5033	-0.251443
88.7398	0.113046
97.2742	0.141952
33.1662	-0.0290132
38.0551	-0.149017
51.8702	-0.0627232
19.8999	-0.617268
23.0694	-0.554974
22.2647	-0.449445
27.4673	-0.650126
116.388	0.0859283
157.958	-0.0718739
49.3283	-0.00167948
35.3253	-0.503498
72.8512	-1.3278
218.25	-0.773121
232.429	-0.856624
186.952	-1.07973
86.9159	-1.83401
70.534	-1.99032
62.6818	-1.86094
60.8615	-1.71565
49.6605	-1.71858
39.0336	-1.66792
34.1154	-1.21494
266.548	-0.205768
136.062	-0.361573
98.9735	-0.28135
178.951	-0.774802
457.286	-0.761535
635.847	-0.645764
633.108	-0.709685
549.994	-0.877218
410.366	-1.20411
225.929	-1.50468
165.512	-1.53439
166.31	-1.54392
144.647	-1.57481
123.514	-1.59303
100.167	-1.63851
132.728	-1.43564
224.867	-1.58268
562.015	-1.1707
532.687	-1.15267
356.855	-0.581624
460.232	-1.04316
850.37	-1.10861
1115.94	-1.05482
1133.75	-1.01515
1077.55	-1.0214
978.519	-1.02643
821.154	-1.05087
544.707	-1.22684
273.458	-1.33079
99.5392	-1.63571
117.13	-0.995774
91.915	-1.06067
85.0098	-0.612648
85.7535	0.0575598
95.4302	0.294055
104.022	0.114218
140.15	0.0843749
126.805	-0.445016
108.567	-0.86342
119.998	-1.26822
233.034	-1.44281
425.372	-1.47559
659.48	-1.38234
842.861	-1.28776
945.162	-1.22116
950.96	-1.19535
898.049	-1.10042
605.369	-1.12184
295.539	-1.32166
264.102	-1.49973
329.618	-1.24856
627.16	-1.00967
948.311	-0.836745
924.62	-0.866397
729.376	-1.07467
544.552	-1.29903
451.158	-1.28709
432.506	-1.24707
427.181	-1.15752
392.916	-1.10597
421.028	-0.949225
443.283	-0.821858
391.873	-0.925002
325.381	-0.97148
210.073	-1.11767
69.1395	-1.54147
40.8318	-1.62287
33.4468	-1.68289
26.5545	-1.27898
29.0791	-1.16385
61.304	-0.804014
310.595	-0.484998
167.498	-1.30142
470.633	-1.76016
522.238	-1.79519
628.88	-1.67153
590.032	-1.74253
570.547	-1.76181
670.669	-1.59865
546.412	-1.70497
536.602	-1.66957
510.535	-1.45169
447.303	-1.44309
424.125	-1.13495
381.144	-1.04402
286.509	-0.927338
296.498	-0.695483
221.343	-0.682276
195.86	-0.651283
192.317	-0.525223
166.313	-0.625485
167.239	-0.634388
186.165	-0.409141
205.394	-0.498591
188.748	-0.840892
279.277	-0.70644
278.989	-0.958047
179.041	-1.65176
261.66	-1.54621
243.764	-1.67962
240.523	-1.88676
275.69	-1.98637
330.082	-1.84411
425.219	-1.51244
428.304	-1.56093
208.119	-1.68255
170.306	-1.61981
147.449	-1.71441
124.282	-1.61186
94.8285	-1.73602
74.0311	-1.65996
50.5318	-1.67509
40.9034	-1.60506
37.7723	-1.45651
26.0673	-1.50983
27.5257	-1.55169
22.5367	-1.34712
22.2642	-1.2892
24.4574	-1.14772
18.9894	-0.774712
17.6412	-0.838155
17.6648	-0.615855
16.4171	-0.768199
21.4768	-0.76213
24.6827	-0.934835
19.5208	-0.905172
16.9497	-0.718475
19.371	-0.94569
17.2214	-0.929134
16.668	-0.603527
15.4295	-0.692261
15.0434	-0.61895
801.923	-0.638904
917.625	-0.622516
874.547	-0.686367
656.797	-0.889072
562.007	-0.825161
384.142	-0.979399
305.896	-1.07522
243.944	-1.06709
186.012	-0.959002
162.437	-0.969871
105.035	-0.566643
78.227	-0.578395
67.0514	-0.642356
108.771	-0.708489
217.511	-0.717174
69.7683	-0.421582
79.6951	-0.776111
200.132	-1.42715
576.867	-1.21829
851.49	-1.04751
893.18	-0.915254
713.29	-0.970748
394.59	-1.04858
94.7989	-1.26339
40.7271	-1.45755
81.2569	-0.781158
308.138	-0.398104
172.104	-0.532418
204.215	-0.603061
466.864	-0.890329
1402.68	-0.771148
1062.29	-0.882002
738.487	-1.07649
517.97	-1.21289
278.972	-1.52476
278.885	-1.45642
254.259	-1.3604
112.323	-1.2653
50.0741	-1.35112
37.0567	-1.39926
38.4959	-1.29572
32.5253	-1.21813
29.0194	-0.996209
86.2869	-1.32377
168.404	-1.41678
131.035	-1.33601
80.5498	-1.4176
50.1152	-1.64292
43.5775	-1.63542
49.6525	-1.55305
221.745	-1.24887
631.952	-1.00451
641.21	-1.04274
417.416	-1.21397
177.032	-1.26998
61.7953	-1.56611
59.5758	-1.36169
50.1362	-1.50466
47.2979	-1.50873
40.9497	-1.51402
44.4936	-1.34343
41.9339	-1.29128
143.449	-0.5496
62.2823	-0.732213
238.125	-0.83168
259.105	-0.912946
326.05	-1.22451
1034.24	-0.843638
1277.22	-0.596958
1260.17	-0.444814
1007.48	-0.445084
616.677	-0.488541
516.973	-0.683518
439.133	-0.692288
583.755	-0.304134
483.458	-0.495494
487.11	-0.56826
566.161	-0.428394
634.51	-0.42173
710.251	-0.548719
867.4	-0.646602
1236.14	-0.564612
1069.36	-0.80428
936.353	-0.965455
872.636	-0.99579
866.53	-0.957637
809.536	-0.911758
635.098	-0.928314
586.975	-1.00186
420.452	-0.939993
315.867	-0.959371
105.182	-1.2128
56.301	-1.47074
55.6829	-1.42042
42.6865	-1.52966
35.3677	-1.375
39.4148	-1.21381
33.5438	-1.0863
125.744	-0.413911
135.486	-0.0958231
106.467	0.442923
119.528	0.374392
108.196	-0.228952
164.584	-0.879046
410.998	-0.857024
241.956	-0.934512
365.99	-1.03358
372.003	-0.787887
429.358	-0.77295
230.046	-0.846461
254.333	-1.28324
124.528	-0.911791
123.498	-1.27903
78.3948	-1.32851
103.129	-0.410908
119.114	0.430151
115.62	0.42343
118.232	0.10312
112.425	0.000512219
129.537	0.194627
114.595	0.455973
126.424	0.289583
135.869	0.198255
87.5016	-0.124613
50.0166	-0.661
44.7209	-0.790063
63.738	-0.107922
34.8262	-0.951658
26.8234	-0.960183
30.0684	-0.771392
24.2741	-0.611293
25.1848	-0.701727
22.7124	-0.528057
23.3806	-0.474863
24.8725	-0.662026
23.1223	-1.12705
30.0465	-0.916449
30.4435	-1.07991
31.9037	-1.15141
34.2937	-1.89022
140.897	-1.93703
165.319	-1.94509
216.411	-2.14406
277.609	-1.77981
250.204	-1.60321
171.51	-1.4377
87.1122	-1.30011
103.992	-0.126842
104.744	-0.153711
114.978	-0.11262
132.955	-0.189374
183.457	-0.114248
198.712	-0.0150588
203.552	-0.0728597
126.158	-0.17178
83.7564	-0.745235
81.9253	-1.47155
342.567	-1.66117
810.816	-1.09002
664.838	-1.00398
353.174	-1.3151
272.92	-1.5552
436.013	-1.44576
420.108	-1.51589
355.12	-1.63976
438.23	-1.57521
563.7	-1.46781
746.252	-1.45084
1018.08	-1.24404
1169.61	-1.0196
1224.62	-0.908805
1300.08	-0.746569
1280.79	-0.573715
884.374	-0.796318
756.557	-0.833987
670.112	-0.806332
371.146	-1.15684
185.502	-0.915658
125.975	-0.713332
89.7556	-0.533635
83.6597	-0.654912
112.808	-1.03438
146.863	-1.3293
141.164	-1.85805
190.668	-1.98892
266.566	-2.22165
337.926	-1.99095
294.484	-1.74677
125.852	-1.67011
46.732	-1.48398
29.5366	-1.20243
25.5689	-1.21101
56.4486	-0.829325
183.947	-0.415988
184.322	-1.29021
1149.85	-0.940908
1098.86	-0.897672
830.495	-1.01674
1107.19	-1.01244
1297.36	-1.03365
1223.75	-1.01956
1061.12	-1.06515
671.974	-1.2985
290.88	-1.63911
227.691	-1.72324
193.893	-1.72254
181.7	-1.80956
196.011	-1.78164
208.178	-1.73521
215.944	-1.69232
221.006	-1.7459
216.812	-1.76728
242.853	-1.63947
352.084	-1.21092
416.158	-1.45462
513.931	-1.25688
495.512	-1.30799
306.143	-1.51062
142.8	-1.33482
151.93	-0.1681
197.879	0.421563
207.675	0.547762
297.143	0.55544
295.281	0.473861
323.416	0.652649
272.768	0.456687
215.183	0.373504
172.882	0.212235
107.871	-0.344004
206.342	-1.46238
459.508	-1.3436
349.602	-1.68333
282.365	-1.82457
254.515	-1.94942
233.166	-1.9073
161.51	-1.9752
74.888	-1.79533
37.9167	-1.40636
40.2564	-0.90683
65.444	-0.766353
84.7318	-0.566842
196.018	-0.717828
153.651	-0.307379
271.354	-0.230639
196.978	-0.489705
103.779	-0.607433
169.139	-1.34826
1085.26	-1.2376
1016.73	-1.22821
522.471	-1.66731
417.52	-1.64049
238.678	-1.82107
142.772	-1.88548
74.0539	-2.00187
43.1501	-2.02395
49.1013	-1.86551
57.0246	-2.20223
71.2218	-2.33925
73.2852	-2.15525
104.708	-2.0584
117.32	-2.02992
218.803	-1.65366
329.209	-1.5789
265.127	-1.63494
409.335	-1.05192
297.958	-1.34061
484.02	-0.705735
285.952	-1.06607
224.73	-0.77619
90.9217	-1.45727
120.707	-1.37957
64.202	-1.63229
57.4228	-1.63394
48.8015	-1.66502
50.4857	-1.72971
56.1584	-1.60788
42.0427	-1.35538
37.0103	-1.27495
32.5516	-1.05611
259.122	-0.196422
162.131	0.3094
147.594	0.446379
156.421	-0.180571
142.616	-0.183826
135.372	-0.0947944
142.351	0.130031
152.997	0.258158
191.045	0.210035
134.61	0.339881
126.777	0.452012
84.1272	0.512763
62.4723	0.0697054
47.5747	-0.145288
33.2246	-0.719008
24.9614	-0.789436
21.4584	-0.787499
20.5347	-0.607064
22.1939	-0.87745
22.2889	-0.622138
22.3168	-0.756641
24.1399	-0.816034
21.6859	-0.618385
23.1563	-0.495647
24.2341	-0.508726
25.2626	-0.551831
25.7344	-0.57183
22.6493	-0.686269
26.7722	-0.710302
24.3168	-0.663932
23.8722	-0.591861
22.9458	-0.531339
26.4179	-0.538138
32.5722	-0.689482
47.789	-0.278125
71.5107	0.0886079
86.0423	0.303745
90.8669	0.199051
90.1499	-0.0534124
92.9748	0.013128
97.4047	-0.0771738
120.108	0.319531
130.062	0.278896
143.124	0.264586
149.507	0.417286
110.669	0.196235
113.622	-1.27993
505.521	-0.963009
849.002	-0.452019
672.604	-0.60075
523.959	-1.0475
387.815	-1.5188
387.326	-1.55159
353.284	-1.62313
340.148	-1.68916
320.753	-1.70611
295.583	-1.67897
268.372	-1.66635
237.419	-1.74085
201.5	-1.73917
153.547	-1.84895
128.414	-1.55848
214.066	-1.06087
388.251	-0.728504
611.891	-0.468579
703.506	-0.378072
829.798	-0.328393
898.591	-0.420033
840.837	-0.491068
670.083	-0.594105
337.346	-0.411845
233.288	0.129792
247.821	0.55566
232.902	0.844258
286.57	1.18498
289.745	0.79027
107.187	-0.00422063
47.5961	-0.447999
39.4206	-0.486533
31.743	-0.736434
41.1299	-0.606293
326.491	-0.521087
290.804	-0.860588
160.839	-0.946044
268.171	-1.38681
622.986	-1.1524
727.683	-1.10123
738.266	-1.06788
581.455	-1.15577
380.779	-1.13075
344.829	-0.483849
285.194	0.305925
314.325	0.21036
337.973	-0.105725
413.332	-0.653447
508.267	-1.18519
577.066	-1.4737
566.092	-1.70883
397.573	-1.83758
265.396	-1.85993
270.013	-1.78924
260.791	-1.79172
225.808	-1.90304
234.872	-1.75082
216.559	-1.79864
178.583	-1.81221
150.54	-1.73347
124.666	-1.74039
96.2729	-1.96042
163.809	-1.33516
379.554	-1.45195
623.398	-1.38285
696.951	-1.40153
725.843	-1.35212
676.665	-1.26363
526.968	-1.22963
379.283	-0.72668
349.483	0.132023
306.241	0.435618
347.355	0.761012
324.78	0.290593
438.62	-0.536986
548.941	-1.23291
576.976	-1.41464
618.645	-1.39596
345.118	-1.66157
368.188	-1.73435
422.24	-1.68718
626.183	-1.199
481.999	-1.22923
316.593	-1.5055
141.757	-1.71089
80.4617	-1.74196
71.0801	-1.69071
67.0026	-1.72919
67.8593	-1.63912
64.6269	-1.53633
57.4984	-1.64598
49.7654	-1.42681
41.0336	-1.25997
34.2343	-1.29895
98.8109	-0.260465
116.887	0.235617
182.224	1.03278
240.554	1.09756
267.099	1.12187
291.073	1.0403
296.591	0.931719
319.983	0.860892
334.107	0.475749
267.755	0.568574
285.397	0.289554
190.075	0.230813
182.425	0.154042
115.949	0.0441364
90.4076	0.128818
58.0251	-0.546635
45.2119	-0.57714
48.526	-0.56733
36.4254	-0.669577
31.8694	-0.580452
25.8622	-0.48327
27.0821	-0.435122
24.0531	-0.461963
27.225	-0.563983
26.3341	-0.634518
25.2042	-0.579848
26.0262	-0.650037
23.7948	-0.546795
24.4188	-0.702154
24.3634	-0.610579
24.5301	-0.448351
25.6292	-0.419955
22.5	-0.550224
22.8982	-0.528939
22.7308	-0.524269
13.3152	-0.757145
57.5367	-0.152241
110.125	-0.0266876
27.1925	-0.333373
21.9505	-0.79418
21.0088	-0.66961
21.2044	-0.961475
22.4628	-0.883827
26.8659	-1.04427
45.3849	-0.955059
80.1214	-1.246
162.715	-1.09445
362.756	-0.985285
447.126	-0.913433
441.889	-0.94476
478.698	-0.856132
425.912	-0.956928
220.968	-1.17777
216.429	-1.4921
374.518	-1.30331
566.886	-1.15483
646.642	-1.13974
648.356	-1.2289
630.837	-1.31276
535.797	-1.52972
442.647	-1.57316
427.702	-1.54418
434.687	-1.5794
439.002	-1.64601
367.769	-1.68937
236.256	-1.8226
191.434	-1.34165
168.305	-1.34134
137.31	-1.37038
92.3891	-1.63862
65.8012	-1.5438
42.4347	-1.32288
40.2996	-1.20677
39.4077	-1.24413
39.2388	-1.17642
130.156	-1.57518
112.975	-1.65158
64.3089	-1.48007
138.671	-2.06701
396.795	-1.59524
495.639	-1.47854
486.95	-1.33634
342.262	-1.36307
249.373	-1.46468
223.553	-1.54457
184.665	-1.58366
152.358	-1.51349
111.828	-1.62371
84.5085	-1.63999
49.9895	-1.41214
36.1324	-1.30498
61.641	-0.719754
340.243	-0.322285
280.751	-1.2779
817.309	-1.20679
1176.21	-0.786069
867.365	-0.903374
552.859	-0.966783
241.295	-0.897937
61.7398	-1.26678
33.1603	-1.36867
41.6721	-0.933063
116.621	-0.127902
250.686	-0.0522598
256.001	0.347586
314.308	0.65991
315.18	1.19998
246.307	1.03018
275.67	0.878234
207.137	0.900219
83.561	-0.124467
128.512	-1.70341
253.105	-1.78359
305.845	-1.70474
284.266	-1.68582
240.756	-1.717
314.061	-1.30002
464.538	-1.19656
362.228	-1.05586
308.257	-0.959096
395.426	-1.23607
357.154	-1.26103
548.426	-0.886303
539.963	-0.814843
410.908	-0.885162
409.729	-0.947346
421.644	-1.00267
521.111	-1.00103
614.443	-1.10827
698.578	-1.04653
733.953	-1.20431
714.484	-1.37692
704.271	-1.46059
661.108	-1.47233
635.035	-1.52567
561.806	-1.60597
490.102	-1.716
477.55	-1.80596
400.558	-1.99545
378.163	-2.07239
380.928	-1.95033
362.644	-1.79132
283.049	-1.78792
257.721	-1.79809
247.663	-1.87798
302.64	-1.85262
449.722	-1.71484
661.725	-1.71499
908.452	-1.70338
1058.51	-1.66434
1061.19	-1.75487
1013.27	-1.91451
949.789	-1.90739
855.985	-1.94251
796.327	-2.00142
785.696	-1.89331
934.409	-1.55113
947.637	-1.39998
869.672	-1.25365
859.13	-1.05415
840.505	-0.847212
816.702	-0.735246
766.972	-0.662133
749.414	-0.754906
688.623	-0.919489
624.596	-1.04831
514.424	-1.31336
405.904	-1.49517
405.238	-1.53182
401.529	-1.646
414.828	-1.796
459.826	-1.86059
516.422	-1.86289
584.7	-1.64272
583.692	-1.71495
716.519	-1.37604
482.596	-0.985299
251.209	-0.215455
332.041	0.134894
406.111	0.200489
493.641	0.552261
428.332	0.823029
499.458	0.914389
595.196	0.989429
674.346	0.78821
614.115	0.699755
391.581	0.355757
262.349	0.161778
213.643	-0.166648
163.616	-0.579128
112.78	-0.605122
170.538	-1.94385
302.346	-2.1719
304.831	-2.28813
229.848	-2.03888
213.948	-2.01507
189.201	-2.02495
212.944	-1.94242
246.996	-1.8232
227.361	-1.92573
229.54	-1.92247
219.781	-2.05588
139.537	-2.01791
130.28	-1.98229
134.096	-1.79913
134.802	-1.74736
201.594	-1.85859
226.005	-1.36423
583.401	-0.756042
384.42	-0.607624
467.954	-0.7428
270.927	-0.725112
413.047	-0.613369
299.631	-0.601624
125.858	-0.921341
91.3532	-1.37223
42.0205	-1.19337
32.4863	-1.20264
34.2069	-1.16505
32.6333	-1.30484
27.8154	-1.40233
26.8686	-1.02479
25.3225	-1.11949
27.1484	-0.959101
25.4443	-0.952152
23.9131	-0.853685
21.6933	-1.02627
22.1357	-0.892482
25.6134	-0.834013
22.5849	-0.920631
28.7667	-0.441371
41.5464	-0.600455
36.0655	-0.742404
35.6064	-0.65536
27.8352	-0.778711
28.4357	-0.798409
24.416	-0.781035
28.5576	-0.855133
25.4154	-0.589501
40.9766	-0.200717
32.3223	0.0433505
50.108	-0.144263
27.5058	-0.766913
38.8503	-1.1215
56.8836	-0.935737
51.6273	-0.824415
49.1867	-1.45645
218.121	-2.04895
802.387	-1.44576
710.221	-1.89194
654.317	-2.18187
757.62	-1.91384
589.751	-2.11131
433.582	-1.99468
209.825	-1.91334
66.2776	-1.79573
43.817	-1.64227
35.7237	-1.1969
218.228	-0.178388
415.301	-0.432274
400.943	-1.65612
797.793	-1.44197
559.331	-1.15585
219.731	-0.801507
307.782	-0.630358
368.208	-0.630363
323.256	-0.638216
310.482	0.0968047
408.818	0.706462
380.312	0.801517
358.968	0.776738
393.206	0.588542
260.928	0.00839833
63.6695	-0.337315
26.4024	-0.587519
27.9197	-0.294136
23.8666	-0.42751
22.6751	-0.651316
130.801	-0.315866
315.948	-0.669597
283.335	-2.21139
753.001	-1.70723
774.103	-1.61673
316.213	-2.07925
118.41	-1.38278
191.393	-0.199971
354.283	0.0690431
402.493	0.622229
352.948	0.727453
330.66	0.749199
368.681	0.962369
286.977	0.825089
228.607	0.933037
213.94	0.451502
124.464	-0.297207
86.018	-0.82118
114.693	-1.38489
389.945	-1.444
255.952	-1.92463
255.954	-1.93203
257.471	-1.92274
386.375	-1.66869
666.825	-1.40775
869.303	-1.4192
929.969	-1.46754
905.569	-1.49669
794.685	-1.47801
481.724	-1.5434
160.336	-1.97317
115.91	-1.92666
95.5987	-1.77178
75.2429	-1.62677
52.3716	-1.71406
111.545	-0.954146
110.87	-0.144549
135.519	-0.474407
258.778	-0.911138
386.283	-0.738385
411.403	-0.62759
356.652	-0.413249
301.952	0.116272
228.019	0.544725
117.106	0.321429
59.8466	-0.681209
47.6399	-0.486154
100.937	-0.260694
125.062	-0.547197
65.7651	-0.21384
85.7938	-0.336782
78.058	0.139251
121.873	-0.958797
399.966	-1.52704
605.789	-1.27332
411.509	-1.58338
307.113	-1.85826
224.715	-1.98173
176.683	-1.90272
78.393	-1.95681
56.2746	-1.82772
42.5312	-1.65123
47.0479	-1.2012
172.24	-0.605414
223.305	-0.810667
116.159	-1.39224
817.862	-1.58942
913.454	-1.52911
888.864	-1.56233
1000.02	-1.44701
738.398	-1.43625
187.462	-1.66234
44.8599	-1.61114
41.9846	-1.63942
34.8912	-1.34927
29.9472	-1.48975
42.8425	-0.734975
281.81	-0.275341
127.469	-0.789746
176.505	-1.60383
169.532	-1.6523
325.266	-1.07241
435.667	-1.11567
758.263	-1.09793
802.733	-1.06366
823.032	-1.15381
660.889	-1.11281
513.375	-0.785061
385.219	-0.683098
339.992	-0.515705
285.607	-0.530582
257.323	-0.523449
207.898	-0.851238
200.486	-0.848977
200.862	-0.828999
186.369	-1.10948
197.415	-1.5687
259.661	-1.53879
343.138	-1.43037
428.964	-1.49648
612.849	-1.29806
550.352	-1.43133
492.307	-1.43846
329.649	-1.47461
184.764	-1.79774
175.93	-1.79855
129.43	-1.82216
75.0243	-1.77719
53.2723	-1.16568
83.0918	-0.193276
268.182	-0.280792
266.477	-0.0500632
240.244	0.133019
210.649	0.299238
189.425	0.323475
144.046	-0.384687
476.071	-1.151
765.798	-1.24226
621.62	-1.463
252.457	-1.85669
61.5532	-1.67262
35.8921	-1.50682
32.0424	-1.37935
39.0696	-1.07081
331.764	-0.19541
264.935	-0.960896
377.222	-1.87749
570.972	-1.64145
221.115	-1.58671
128.918	-1.02986
435.643	-0.986314
529.612	-1.03774
533.317	-0.963251
318.731	-0.786214
316.091	-0.285391
449.221	-0.415655
517.021	-0.202454
521.583	-0.126428
419.503	-0.370953
499.032	-0.442523
443.477	-1.20367
461.732	-1.39895
476.88	-1.34068
458.702	-1.25867
419.645	-1.35307
403.377	-1.37268
309.517	-1.34609
263.486	-1.21806
141.765	-1.53954
102.266	-1.79673
92.3095	-1.9035
102.717	-1.637
87.3202	-1.76911
75.2182	-1.87268
70.1357	-1.88678
46.7283	-1.60317
40.7307	-1.36037
42.3669	-0.876227
51.8837	-0.0448563
46.6515	-0.0591293
66.5524	-0.0175217
87.7775	-0.00724606
314.664	-0.672224
200.602	-0.103191
147.628	0.325672
155.09	0.391019
152.23	0.333139
155.872	0.334579
96.8094	-0.166972
67.7195	-0.492637
55.2925	-1.00961
53.2932	-0.63843
41.5	-0.776798
34.3162	-0.879944
30.7894	-0.794979
32.562	-0.893043
26.1082	-0.765819
26.2148	-0.838704
27.2547	-0.530041
24.6139	-0.843962
25.6503	-0.813411
22.7517	-0.712666
18.6862	-0.809502
28.7806	-0.710258
21.3842	-0.7349
20.4671	-0.609955
23.4424	-0.562673
22.1239	-0.507131
21.0915	-0.529147
20.457	-0.637976
21.1731	-0.460958
31.6365	-0.285294
29.7056	-0.532265
27.7705	-0.375489
32.2476	-0.682257
76.5491	-1.48924
230.448	-1.15068
298.377	-1.23945
338.872	-1.26406
295.06	-1.63903
299.592	-1.64013
291.428	-1.3869
159.467	-1.65203
217.454	-1.79732
213.166	-1.97207
238.301	-2.06897
397.629	-1.88742
327.826	-1.97204
274.107	-2.06529
293.292	-1.69054
194.335	-1.72818
131.051	-1.36641
135.664	-0.768643
208.588	-0.070857
176.563	0.00639084
91.9249	-0.229558
31.7206	-0.842685
26.9085	-0.801203
103.824	-0.282918
262.905	-0.267649
182.801	-0.0691738
209.343	0.184414
217.297	-0.401039
267.663	-0.393606
421.898	-0.97163
521.168	-1.39927
603.269	-1.38588
638.511	-1.13893
538.692	-0.879261
456.411	-0.164712
380.144	0.554711
396.184	0.768531
334.799	0.653871
259.212	0.599034
271.288	0.548681
291.09	0.529268
240.397	0.444412
192.397	0.137048
198.042	-0.549282
487.564	-0.889781
736.23	-0.452122
653.381	-0.603631
390.261	-1.10343
241.076	-1.43973
223.674	-1.51035
227.448	-1.56703
216.045	-1.63248
187.295	-1.83648
177.263	-1.82116
151.983	-1.77339
116.926	-1.92548
75.8766	-1.7546
440.621	-0.511482
273.354	0.387964
204.274	0.345439
104.487	-0.315092
187.821	-0.84007
126.777	-0.808488
136.383	-0.703235
107.056	-0.803835
266.774	-2.02167
640.778	-1.8229
798.108	-1.71787
781.727	-1.78844
749.88	-1.74856
592.614	-1.8609
441.818	-2.01865
370.307	-1.89036
274.958	-2.03393
284.289	-2.00497
342.496	-1.76323
323.117	-1.87495
302.448	-1.95715
295.225	-1.95382
436.25	-1.96381
514.283	-1.8312
538.337	-1.90415
605.124	-1.80366
682.097	-1.7429
713.807	-1.74152
775.581	-1.65883
808.989	-1.68001
877.87	-1.62259
888.453	-1.66024
909.178	-1.65343
924.436	-1.5686
948.959	-1.50943
774.271	-1.58414
245.99	-1.40071
90.9617	-1.03371
212.023	-0.429249
287.312	-1.02603
532.755	-1.13587
472.848	-1.14019
357.346	-1.06983
389.464	-0.982573
441.276	-0.868165
395.374	-0.882367
347.619	-0.792584
345.746	-0.79235
310.061	-0.704363
290.278	-0.47401
281.347	-0.299684
258.587	-0.182116
247.16	0.0431661
225.011	0.187159
187.868	-0.463257
135.554	-1.1337
94.1136	-1.50265
70.8983	-1.29512
54.3784	-1.37112
74.0275	-1.41013
152.699	-1.69914
416.156	-1.63958
716.888	-1.61891
1003.94	-1.54891
1130.42	-1.56758
1061.05	-1.59234
991.405	-1.51381
611.269	-1.44236
338.014	-1.31725
294.329	-1.24456
201.928	-1.51032
294.699	-1.0821
365.277	-1.08886
347.04	-1.09908
375.532	-1.00996
318.822	-1.26508
309.111	-1.23573
286.21	-1.3788
225.351	-1.56715
193.289	-1.70567
183.599	-1.64994
188.8	-1.46616
160.121	-1.52472
113.103	-1.49864
63.4116	-1.26446
41.0907	-1.40809
48.2905	-1.16774
43.3769	-0.910073
57.45	-0.46703
74.1803	-0.0180032
72.2449	0.0796751
70.377	0.100147
92.4072	0.0142975
71.5114	-0.313302
55.5238	-1.16286
88.1797	-1.67935
521.929	-1.90938
713.434	-1.90927
946.57	-1.64224
1036.7	-1.55331
1139.64	-1.4182
1155.73	-1.26921
686.48	-1.21637
198.492	-1.11629
296.507	-1.40574
525.807	-1.55487
617.369	-1.61791
471.999	-1.86432
281.828	-2.16206
171.388	-2.08043
133.059	-1.91235
139.117	-1.75566
119.76	-1.85079
111.288	-1.81284
100.336	-1.7827
92.1512	-1.7518
91.0828	-1.77141
89.473	-1.71106
84.6224	-1.71312
71.4466	-1.81104
66.2624	-1.72408
160.867	-1.26343
249.16	-1.70957
380.037	-2.03835
464.279	-2.0372
471.278	-2.0861
414.597	-2.16292
415.495	-2.07684
385.999	-1.99806
356.932	-1.96455
369.374	-1.84015
365.213	-1.94544
404.842	-1.86401
421.922	-1.9147
462.169	-1.87427
410.635	-1.83457
373.633	-2.02508
336.84	-1.9551
298.563	-2.11227
347.043	-2.06477
352.816	-2.11193
254.584	-2.15136
182.841	-2.18311
127.665	-1.90884
92.7197	-1.76811
91.2839	-1.76566
88.7498	-1.87753
75.778	-1.75312
57.8854	-1.6138
50.7115	-1.70556
44.8992	-1.52019
40.0119	-1.22764
33.7424	-1.50626
33.6401	-1.17857
25.4766	-0.918308
61.0965	-0.556753
295.912	-0.724512
142.649	-0.75274
51.5331	-0.890386
50.9076	-1.20739
56.6069	-1.42203
61.3264	-1.37088
104.532	-0.747243
68.0582	-1.11367
70.0866	-1.36016
79.9579	-0.904715
71.2857	-1.05857
54.3316	-1.26678
50.4785	-1.15513
44.1247	-1.4372
37.2001	-1.43018
33.0634	-1.05636
30.7895	-1.15098
30.2488	-0.959538
28.0855	-1.08848
25.4731	-0.943776
26.911	-0.193383
20.0574	-0.742577
19.8821	-0.641363
23.6116	-0.673481
23.7921	-0.736717
22.1788	-0.594292
19.5844	-0.792689
22.2832	-0.88087
24.808	-0.696604
12.864	-0.681156
19.3539	-0.698986
18.3049	-0.665745
20.3535	-0.766438
20.7094	-0.509014
20.6525	-0.454555
20.9501	-0.514333
25.7007	-0.671462
26.1352	-0.452742
28.0371	-0.434833
27.741	-0.677123
21.0678	-0.696021
23.9926	-0.401659
26.3622	-0.612462
24.3617	-0.712205
41.811	-0.812746
25.9591	-0.453208
30.2123	-0.372499
42.106	-0.313169
20.4781	-0.733235
19.3217	-0.648169
22.7493	-0.793246
19.517	-0.855652
24.4088	-0.988858
28.8595	-1.1202
153.589	-1.9563
260.85	-1.74709
206.438	-1.64581
452.464	-1.90847
315.717	-1.52951
204.974	-1.51442
63.0133	-1.48406
44.1672	-1.37913
33.9058	-1.15468
29.7084	-0.709498
29.4776	-1.01538
200.839	-0.579077
466.527	-0.806054
154.232	-1.59534
424.306	-1.65235
983.771	-1.6828
734.297	-2.06508
852.636	-1.89068
1049.51	-1.67994
730.87	-1.6597
77.5733	-1.84544
47.0231	-1.7428
63.6345	-1.6353
313.951	-1.84966
468.319	-2.04652
358.183	-2.10862
259.353	-1.89312
252.142	-1.84936
245.358	-1.86123
245.319	-1.87107
234.985	-1.7973
191.032	-1.82293
174.389	-1.59891
327.147	-1.48893
582.618	-1.40155
602.348	-1.36289
334.984	-1.47951
227.188	-0.934261
260.827	0.3663
244.605	0.495219
189.148	0.311839
211.624	0.0437108
213.489	0.282418
194.93	0.193211
193.105	0.267116
176.397	-0.00967566
127.891	-0.45771
125.387	-1.60412
702.059	-1.18599
924.458	-1.02502
745.59	-1.22602
560.755	-1.54052
416.864	-1.51707
126.157	-1.47717
56.1795	-0.86079
239.063	-0.794555
263.238	-1.13141
149.798	-2.00195
78.964	-1.94571
36.3297	-1.72148
37.6125	-1.48968
32.6289	-1.61368
155.976	-0.972934
154.845	-1.64955
195.076	-1.795
377.832	-1.29228
406.086	-1.25181
341.566	-1.26646
365.394	-0.995577
245.165	-1.1629
194.269	-1.15771
154.148	-1.29975
127.666	-1.569
150.083	-1.29446
98.3973	-1.75262
85.7404	-1.94868
86.4886	-1.8233
107.45	-1.70925
267.727	-1.47639
461.554	-1.55405
475.91	-1.71442
582.022	-1.417
562.659	-1.32976
478.549	-1.24589
298.506	-1.65719
201.957	-2.07706
102.456	-2.28406
92.0967	-1.48396
89.4397	-1.9339
130.631	-2.05738
164.066	-1.91621
175.53	-1.88457
239.166	-1.73276
435.564	-1.66227
517.635	-1.44857
490.936	-1.44925
573.388	-1.22301
562.256	-1.04573
250.138	-1.26122
213.215	-1.37646
175.571	-1.42425
147.897	-1.49428
168.942	-1.22927
180.535	-1.50102
197.202	-1.36077
136.549	-1.79519
144.354	-1.20288
57.5887	-1.48423
46.3022	-1.62395
43.0615	-1.69016
38.7416	-1.42946
32.4035	-1.41591
27.3331	-1.41516
26.0346	-1.12383
23.5905	-0.867742
440.754	-1.00618
235.125	-1.96962
206.774	-1.94146
228.359	-1.68582
552.994	-1.21542
1090.96	-0.817353
1227.52	-0.688511
1071.18	-0.758642
681.458	-0.864162
611.327	-1.03997
845.416	-0.939033
995.219	-0.926583
923.935	-1.07959
874.598	-1.11409
903.797	-1.0143
605.83	-1.08091
208.762	-1.23406
171.419	-0.164701
187.161	0.286624
227.281	0.367165
193.296	0.0445878
175.283	0.0183406
176.497	0.0214352
174.979	-0.0115192
160.657	0.293491
152.467	0.095088
132.927	0.0473228
114.613	-0.143376
163.957	-0.943772
532.156	-0.715582
596.778	-0.552577
575.027	-0.53931
524.014	-0.66395
486.471	-0.757124
521.498	-0.717694
534.537	-0.770582
595.807	-0.684766
609.572	-0.659344
659.139	-0.527209
636.822	-0.525904
448.6	-0.614024
133.466	-0.878483
66.849	-1.37584
230.295	-0.939008
128.606	-1.25236
93.1185	-1.50068
81.3391	-1.61096
55.2289	-1.59598
47.1655	-1.45899
74.1479	-0.967242
43.7997	-1.19883
193.335	-0.429079
198.628	-0.660946
94.4109	-0.464672
102.326	-0.467261
137.374	-0.374672
156.568	-0.293283
183.891	-0.287856
217.231	-0.365325
194.804	-0.824571
206.427	-0.863413
238.438	-0.57621
200.846	-0.351312
119.992	-0.147031
114.965	0.0210615
110.563	0.296719
103.42	0.196876
127.875	0.115421
160.218	0.35316
205.272	0.304527
192.138	0.730202
219.593	0.54724
171.242	0.22642
110.743	-0.208131
63.768	-0.485833
159.793	-0.845839
863.353	-0.667607
616.068	-0.9972
533.963	-1.07818
407.823	-1.32541
361.465	-1.4686
308.014	-1.56415
270.196	-1.61811
231.823	-1.67494
213.755	-1.79019
221.674	-1.79856
255.97	-1.70823
302.757	-1.72144
386.309	-1.66197
438.284	-1.69038
500.341	-1.66919
496.856	-1.61053
551.229	-1.35921
509.852	-1.25221
374.597	-1.37589
269.329	-1.50491
227.297	-1.60338
182.588	-1.47308
144.312	-1.65052
93.6582	-1.69329
46.3921	-1.5332
86.9426	-0.258005
207.566	0.130986
405.886	-0.0285857
200.54	-0.100656
139.819	0.111927
96.1834	-0.473067
70.1536	-1.06784
101.913	-1.50491
574.895	-1.48597
704.336	-1.7124
655.075	-1.77715
684.793	-1.756
803.319	-1.63039
795.93	-1.66839
874.392	-1.60105
968.985	-1.6149
1126.99	-1.52507
1230.25	-1.31257
1209.37	-1.18043
973.829	-1.19093
734.424	-1.08893
296.144	-1.20739
57.5146	-1.65
39.478	-1.46149
39.1906	-1.19738
30.1117	-1.3301
34.395	-1.13263
256.103	-0.911348
168.297	-1.26225
242.755	-1.72649
652.419	-1.68013
593.83	-1.9148
432.408	-2.12422
347.25	-2.13961
373.335	-1.99356
406.105	-1.84511
432.548	-1.82021
465.872	-1.84614
513.882	-1.82066
510.765	-1.79126
510.491	-1.868
649.138	-1.34186
462.28	-1.2674
175.086	-1.10159
281.393	0.139966
242.209	0.613824
242.57	0.894243
233.521	0.76875
252.509	0.631269
277.682	0.61282
211.468	0.313605
130.78	-0.311514
247.717	-1.54636
403.558	-1.58974
320.008	-1.72264
218.13	-1.74461
132.959	-1.85891
66.1647	-1.88307
79.8951	-1.75549
110.452	-1.33706
101.299	-1.16666
141.652	-0.975007
313.025	-0.689121
348.211	-0.404882
417.237	-0.315436
485.526	-0.0801503
452.082	-0.164816
481.057	-0.0613997
431.14	-0.0766
418.578	-0.20625
486.302	-0.457116
537.399	-0.365543
659.828	-0.207268
905.178	-0.231066
1099.99	-0.343784
1123.01	-0.545434
1013.7	-0.815239
918.107	-1.04012
780.856	-1.23707
626.385	-1.44674
460.642	-1.66619
394.819	-1.71058
297.167	-1.89592
241.338	-2.04584
245.106	-2.08724
267.598	-2.06481
313.988	-1.88621
370.015	-1.7489
393.101	-1.8039
233.99	-2.17874
72.0669	-2.05645
122.883	-1.84644
268.658	-1.78541
374.841	-1.77071
347.273	-1.60916
296.281	-1.61135
248.733	-1.56206
168.513	-1.70836
78.9794	-1.77247
30.998	-1.64648
27.894	-1.27837
24.4233	-1.12821
27.8905	-1.21585
31.7932	-1.12412
276.83	-1.03436
143.114	-1.28019
59.907	-1.45851
256.101	-1.72036
331.432	-1.60549
253.607	-1.7976
230.376	-1.6502
232.096	-1.48119
233.472	-1.04221
126.606	-1.76912
101.197	-1.49523
72.132	-1.53214
37.9017	-1.26213
31.3258	-1.22803
28.0891	-1.23398
24.4307	-1.17288
23.7216	-1.00256
21.8289	-1.07382
19.0784	-0.630608
18.245	-0.791067
16.785	-0.814508
18.3471	-0.731117
17.2944	-0.771079
16.5018	-0.755746
16.3919	-0.523147
16.1037	-0.492288
28.9875	-0.655947
30.9625	-0.775395
33.4675	-0.430689
26.6437	-0.774016
36.2315	-1.25185
136.967	-1.87547
406.313	-1.75892
115.679	-1.89894
760.103	-1.67192
529.857	-1.9309
511.228	-1.68909
587.669	-1.84695
657.46	-1.78243
418.974	-1.7357
139.178	-1.4421
146.428	-0.484929
171.045	0.0556664
260.9	0.230097
355.454	0.265507
261.83	-0.0049067
67.3022	-0.234653
30.0192	-0.851824
30.2532	-1.07185
26.3252	-0.836184
365.377	0.189196
550.479	-0.0945069
301.853	0.0334089
174.215	-0.0988037
201.428	-1.22128
475.703	-1.1041
575.627	-1.03285
674.09	-0.948557
833.124	-0.771607
880.593	-0.677021
811.451	-0.632374
778.677	-0.623836
831.209	-0.608214
751.26	-0.603021
694.418	-0.620053
595.418	-0.843243
318.188	-1.43122
223.117	-1.70775
206.849	-1.80963
197.87	-1.79673
195.668	-1.89331
224.985	-1.71364
295.339	-1.40721
429.976	-0.558391
396.491	-0.407664
337.471	-0.541647
340.811	-0.702232
384.126	-1.07644
524.859	-1.45298
618.977	-1.65394
629.256	-1.48713
677.479	-1.16345
638.408	-0.98306
495.216	-0.971022
346.361	-1.22817
360.721	-1.19881
397.865	-1.03884
486.71	-0.881313
552.874	-0.647872
516.771	-0.627953
390.471	-0.85368
179.158	-1.08972
46.3534	-1.45366
33.4303	-1.3308
37.0503	-1.05871
257.678	-0.492377
275.949	-0.744124
228.939	-1.35271
894.617	-1.24347
910.117	-1.39079
882.032	-1.31894
421.411	-1.38373
333.542	-1.38664
297.403	-1.63611
303.788	-1.52216
310.038	-1.5354
295.796	-1.53848
273.491	-1.62065
286.664	-1.67706
251.831	-1.76812
263.093	-1.65982
447.382	-1.5315
588.094	-1.33084
728.503	-1.20044
614.514	-1.14926
317.934	-1.48167
222.206	-1.85223
216.776	-1.85839
167.832	-1.87384
148.602	-1.99854
131.123	-1.84022
76.5092	-1.89665
116.585	-1.01016
175.452	0.0622928
225.507	0.292772
221.913	0.247674
170.249	-0.617561
464.941	-1.20287
852.471	-0.9039
748.585	-1.15071
725.24	-1.06888
555.361	-1.17385
315.721	-1.20192
94.6474	-1.06887
40.3886	-1.21601
39.7149	-0.44225
49.2678	-0.747422
156.649	-0.557136
64.4778	-0.882586
191.702	-1.657
358.375	-1.48722
230.531	-1.56746
548.534	-1.69271
394.953	-1.69105
356.183	-1.99262
389.152	-1.81581
508.943	-1.67295
574.44	-1.51903
503.685	-1.62966
225.365	-2.04613
60.7123	-1.17415
79.4488	-0.589839
103.479	-0.670663
108.826	-0.606075
57.949	-0.810943
56.3263	-0.869455
81.6234	-0.656014
64.2967	-1.67762
74.1794	-1.70868
74.6283	-1.61349
75.9566	-1.51002
66.1022	-1.42439
56.1701	-1.30239
48.4154	-1.58735
49.1023	-1.32503
37.4398	-1.37795
47.4598	-1.45705
34.9809	-1.42246
28.5133	-1.23394
26.67	-1.10635
28.3024	-0.959321
31.7723	-0.971256
24.2207	-0.859565
23.7104	-0.793913
25.691	-0.773291
22.8995	-0.873318
28.4982	-0.96854
25.4386	-0.780772
24.9921	-0.775284
24.649	-0.847643
