2.83171	0.716114
2.92699	0.483989
2.79708	0.748737
2.83484	0.505442
2.9047	0.498822
2.92852	0.649076
2.79659	0.580132
2.85916	0.643406
2.93857	1.03605
4.30683	1.81135
4.96732	1.41937
5.37731	1.4033
6.37254	1.18732
7.23353	0.911363
7.30595	0.976476
7.00512	1.1366
5.67195	1.5898
4.74453	1.41
4.69938	0.851796
4.76025	0.680345
4.77978	0.231321
4.7352	0.222791
4.60072	0.477129
4.83753	0.862462
4.68124	1.38164
6.08213	1.64513
6.77271	1.55227
6.96754	1.4525
7.03572	1.34322
7.07017	1.28293
6.86457	1.16382
5.97317	1.43914
5.77254	1.66042
5.71421	1.75184
5.79869	1.60625
6.27643	1.10487
6.54044	0.81516
6.58046	0.719281
6.55563	0.822012
6.4328	0.949235
6.4351	1.02845
6.26172	1.37692
6.14825	1.61226
6.26192	1.54603
6.15995	1.60503
6.05942	1.45902
6.02963	1.36321
5.84851	1.60059
5.81759	1.46355
5.89015	1.35319
5.77156	1.32032
5.86858	1.29431
5.97069	1.36466
6.02835	1.63083
6.0178	1.68435
6.12897	1.56798
5.98492	1.7065
6.01439	1.72479
6.06208	1.53489
5.89908	1.64263
5.60985	1.62539
5.31188	1.52361
4.9265	1.74905
4.68491	1.46928
4.7646	1.37771
4.77889	1.14775
4.69282	1.11005
4.57186	1.23022
4.5502	1.25535
3.83462	1.42923
3.37644	1.51683
3.43656	1.28076
3.34699	1.20098
3.51063	1.16946
3.1817	0.974868
3.20375	0.799897
3.21033	0.983876
3.12132	0.698401
3.07375	0.771502
3.06252	0.681697
3.06249	0.689142
3.013	0.764746
3.04311	0.692287
2.95469	0.740222
2.93534	0.672256
3.65723	0.514358
4.3294	0.600296
4.57453	0.524937
4.64577	0.602864
4.76942	0.417811
4.94046	0.471921
4.81584	0.482195
4.86833	0.529317
5.00785	0.435263
4.83043	0.434452
4.57674	0.389047
4.57881	0.493115
4.1975	0.736269
4.22675	0.684068
4.06956	0.574741
3.70031	0.88734
3.4634	0.891374
3.15355	0.960063
3.07611	0.741904
3.0029	0.604091
2.99536	0.628047
3.02388	0.77529
2.97472	0.876013
3.12221	0.733218
3.08459	0.78308
3.26735	1.03093
4.27171	1.80821
5.28757	1.70379
6.23449	1.57417
6.76835	1.39477
6.65071	1.60424
6.68463	1.59925
6.43777	1.86804
6.31028	1.99658
6.05497	2.15511
5.7958	2.32874
5.75927	2.21785
5.84497	2.03013
5.84312	2.01354
6.00004	1.88204
6.24296	1.61183
6.46659	1.41501
6.35393	1.1436
5.90233	1.10059
5.82541	1.11934
5.62409	0.984422
5.01325	1.01756
4.95869	0.401895
5.12949	0.354273
5.74952	0.279256
5.69811	0.479251
5.20248	0.514823
5.02481	-0.0282547
5.28595	-0.299472
5.46609	-0.217063
5.58336	-0.196876
5.47001	-0.181247
5.5137	-0.217992
5.45699	-0.0477484
5.28573	0.0216163
5.26202	0.0625547
5.12168	0.264527
4.97072	0.12116
4.58223	0.582396
4.47649	0.614759
4.26348	0.910029
4.54779	1.50249
6.06729	1.16359
6.32797	1.16645
6.49437	1.14933
6.5589	1.15576
6.5505	1.24683
6.50092	1.22145
6.33086	1.34178
6.14492	1.39725
6.00832	1.19144
6.00499	1.10491
5.95528	1.26357
6.23018	1.17858
6.55275	1.09573
6.78204	0.958922
6.89286	0.767385
6.77043	0.728742
6.4379	0.764535
5.68249	0.747009
4.33611	1.30997
3.69745	1.36161
3.52201	1.42216
4.00182	1.73584
3.66974	1.57511
3.41503	1.07529
3.46148	1.01207
4.47157	0.774216
5.56811	0.524666
5.08652	0.696935
4.23556	1.06874
5.58533	1.71922
6.46857	1.63273
6.47266	1.65001
6.42713	1.69595
6.43513	1.7379
6.33015	1.81443
6.24215	1.79942
6.15966	1.79342
6.08633	1.88517
6.40753	1.48597
6.27904	1.65089
6.39103	1.58143
6.33717	1.62881
6.36255	1.59979
6.33758	1.71824
6.25436	1.78399
6.22878	1.78902
6.27365	1.76281
6.42147	1.59135
6.43618	1.58137
6.45698	1.56672
6.50458	1.5494
6.57278	1.45829
6.53247	1.54272
6.40456	1.64647
6.32998	1.60873
6.12186	1.62001
6.02842	1.56507
5.97038	1.56005
5.90798	1.50953
5.91956	1.37834
6.0431	1.30943
6.12663	1.19406
6.05524	1.28534
5.92247	1.37716
5.90275	1.2656
5.90533	1.2966
5.36162	1.35095
4.98142	1.39407
4.86951	1.12007
4.81868	0.835901
5.02585	0.817934
5.13334	1.20924
5.46019	1.4965
6.09874	1.36835
6.44637	1.2047
6.57504	1.19218
6.69679	1.08448
6.74415	1.02488
6.65482	1.06718
6.36411	1.26134
6.04779	1.37451
5.71178	1.4923
5.42067	1.558
5.07507	1.68841
4.87818	1.78029
4.90675	1.67262
4.82226	1.77246
4.53366	1.97102
4.49633	1.8916
4.32624	1.86129
4.69731	1.65291
4.25835	1.42114
3.64749	1.5904
4.32534	1.772
4.54275	1.85599
5.06886	1.72076
5.34572	1.53059
5.49256	1.35807
5.58269	1.16661
5.46298	1.27403
6.21518	1.1294
6.54068	1.22034
6.49322	1.49871
6.33084	1.58112
6.18	1.72571
6.03341	1.75328
5.77636	1.93793
5.59477	1.94423
5.3632	2.05556
5.10288	2.19849
5.08866	1.98188
4.9729	2.062
5.05238	1.92592
5.0446	2.07742
5.07827	2.20642
5.20154	2.24296
5.3273	2.18261
5.62666	1.94154
5.88376	1.84561
6.18539	1.43846
6.42059	0.71286
6.42489	0.517926
5.55166	1.3021
5.51722	1.36241
5.58289	1.3856
5.49187	1.39911
5.5485	1.213
5.97074	0.725185
6.36277	0.475384
6.08628	1.03978
5.54756	1.57498
4.7177	1.77509
4.60345	1.80631
4.33581	1.68978
4.01582	1.67135
3.61401	1.45832
3.41866	1.2941
3.20188	1.13144
3.75119	0.814478
5.92785	0.774091
4.89009	1.14335
4.57679	1.80893
5.48199	1.89799
5.859	1.73959
5.93067	1.64756
5.82827	1.62441
5.62328	1.5586
5.75956	0.952371
5.91694	0.615269
5.81109	0.772521
5.8892	1.20097
6.07965	1.66775
6.52648	1.51314
6.61764	1.43231
6.89638	1.29916
6.91518	1.27561
6.83852	1.34901
6.755	1.37321
6.46798	1.65555
5.57323	1.7872
3.9794	1.62622
4.35481	0.880564
5.51284	1.20823
5.49035	2.26878
5.09675	2.43922
4.57938	2.25551
4.65471	1.57987
4.99632	1.37241
4.66357	1.70555
4.79104	1.31247
4.32908	1.78842
4.24936	2.10952
4.35391	1.96774
4.45026	2.26942
4.40725	2.01141
4.32924	2.12208
4.28872	2.1858
4.26937	1.98411
4.19496	1.91154
4.12792	1.68325
3.77309	1.57666
3.59484	1.40714
3.29679	1.32972
3.374	1.0753
3.32658	0.782125
3.34228	0.839067
3.38221	0.288829
3.13283	0.884582
2.80894	1.11335
3.06836	0.715012
3.00837	0.717906
2.95648	0.767994
3.0693	0.632179
3.18462	0.476964
3.12241	0.635178
3.2972	0.678502
3.70167	0.381627
3.77546	-0.0413331
3.63986	0.349596
3.45462	0.929006
4.42605	1.10914
5.18507	1.96285
5.57723	1.94596
5.51748	2.05989
6.49395	1.70136
6.95379	1.3803
6.91272	1.3901
6.95919	1.40458
6.84537	1.4409
5.76619	1.53792
4.94142	0.585346
5.78737	0.815111
6.15915	1.8605
6.38517	1.69041
5.91397	1.68874
6.12553	1.70386
6.57259	1.58494
6.66185	1.46735
6.70467	1.2852
6.50569	1.31624
6.05165	1.37703
5.30129	1.93696
5.19769	2.00697
5.20205	1.96811
5.23876	1.8415
5.06324	1.85413
4.915	1.6477
4.42497	1.36941
3.71139	1.16886
3.44201	1.08721
3.42731	1.0674
5.11023	1.27157
5.97408	1.05616
6.05201	1.73982
6.85122	1.60047
7.09166	1.38297
6.97418	1.44489
6.65303	1.46748
6.51878	1.62585
5.94365	1.81293
5.49516	1.76814
5.09191	1.83619
4.50302	1.7674
4.00389	1.73475
3.57065	1.58311
3.52707	1.57904
3.55946	1.2441
3.48011	0.977968
5.14687	0.488131
4.99696	0.456365
5.99514	0.110195
5.32272	0.616011
5.81673	1.96516
6.39946	1.71318
6.20775	1.79971
5.41322	2.12791
4.14899	1.5625
3.95313	1.37206
4.01656	1.21884
4.08829	1.46093
4.13073	1.81454
4.77043	1.85997
5.51814	1.86341
5.72771	1.92464
6.31404	1.4327
6.7243	1.55489
7.03266	1.53394
7.09294	1.40438
6.90992	1.50448
6.66377	1.59728
6.17317	1.72066
6.47974	1.40719
6.77447	0.974131
6.07732	0.812293
5.10976	1.08783
4.61179	1.23382
4.07512	1.38672
3.83461	1.3529
4.86119	0.702072
5.39862	-0.157289
5.07373	-1.03533
5.35032	-0.832334
5.4374	-0.60844
5.21002	-0.189215
4.46054	0.754421
5.04369	1.95185
5.92875	1.30929
6.12363	1.34563
5.90284	1.65749
5.82187	1.64978
5.69385	1.69192
5.89397	1.59447
6.26617	1.3668
6.33033	1.16952
6.30747	1.19108
6.29185	1.20129
6.07924	1.35103
5.9916	1.28147
5.8851	1.26192
5.81846	1.00193
5.6557	1.135
5.78795	1.02949
5.68812	1.47581
5.64335	1.8366
5.67829	1.80951
5.58232	1.91511
5.47006	1.99125
5.44978	1.82935
5.22807	1.87581
4.94454	1.9287
4.62893	2.125
4.72831	2.14657
5.01863	2.16635
5.57109	2.03456
5.66263	2.13989
6.14468	1.92306
6.09813	2.17375
6.15698	1.80471
5.98185	1.76622
6.17353	1.73678
5.82879	1.77114
5.34537	2.06848
5.80672	1.88626
5.92623	1.75261
5.38376	1.78799
5.09082	1.72261
4.04176	1.45334
4.98642	0.711237
5.69363	0.851929
5.23337	1.76833
4.86242	1.07049
4.49663	0.717512
3.29239	1.07129
3.08728	0.655608
3.22991	0.785296
3.13001	0.671005
3.04848	0.75086
3.44439	0.711111
5.22969	0.719908
4.85412	0.738209
5.57023	0.648426
4.93486	0.972153
4.15194	1.07826
4.52784	0.467142
4.52325	0.28666
3.75596	1.03036
3.47776	0.954522
3.47953	1.1984
3.49288	1.05418
3.411	1.08124
3.43255	0.895873
3.28614	0.754987
3.2766	0.978572
3.17605	0.93917
3.22752	0.87115
3.23615	0.865112
3.32341	0.755239
3.22498	0.669763
6.66046	0.605512
7.07647	0.466983
7.07823	0.506082
7.21391	0.446729
7.24292	0.387762
7.07977	0.483265
6.75538	0.654268
6.13218	0.881271
5.95194	1.0274
5.89527	0.813051
5.82037	0.782589
5.61682	0.918489
5.52584	0.855562
5.75994	0.767158
5.82014	0.751633
5.76425	1.1106
5.62079	1.50728
5.3051	1.83546
5.05739	2.15807
5.08481	2.2479
5.27066	2.12647
5.34999	1.97668
5.50842	1.63443
5.55014	1.53775
5.53529	1.38125
5.28401	1.54669
5.19226	1.58421
5.08977	1.61294
5.04358	1.63439
4.83734	1.71972
4.76946	1.73415
4.59901	1.76264
4.79135	1.79606
5.007	1.84604
5.52945	1.88617
5.61575	1.75657
5.29618	1.56689
5.06047	1.42208
6.25248	1.74351
6.97362	1.52849
6.97986	1.55343
6.9188	1.56218
6.74255	1.59305
6.18339	1.72171
5.21858	2.00139
6.15918	1.862
5.35829	2.08452
5.36487	1.20025
5.56227	1.44928
5.04744	1.71964
5.09887	1.65302
4.92402	1.71328
4.83031	1.60203
4.93735	1.4588
5.10531	1.26328
5.28393	1.1708
5.29498	1.01426
5.3479	0.914599
5.22769	1.09545
5.49358	1.13374
5.96596	1.16008
6.29693	1.14759
6.40394	1.23846
6.44347	1.20436
6.4889	1.28284
6.49012	1.34424
6.36372	1.4123
6.36557	1.43577
6.32719	1.44928
6.12725	1.61444
6.06689	1.6877
5.80885	1.88197
5.56623	1.8461
5.35498	1.94437
5.43605	1.87173
5.61623	1.75865
5.88799	1.76134
6.18119	1.31261
6.03539	1.50313
5.46815	0.885392
4.51738	0.581815
4.88073	0.393098
5.04958	1.38365
5.00406	1.48705
4.7629	1.44839
5.04657	1.79278
4.83023	1.53197
6.424	0.647483
5.86056	0.575203
3.9781	1.21533
4.04747	1.48504
3.81535	1.5468
4.04005	1.66886
4.03871	1.30704
4.02655	1.39318
4.21261	0.847133
4.47832	-0.00394977
4.97926	-0.59193
5.41786	-1.04218
5.19169	-0.823175
5.2458	-0.10539
6.11627	0.801967
6.67656	0.786549
6.61405	1.12344
6.66954	1.2682
6.58473	1.47487
6.42755	1.66057
6.3136	1.71716
6.21807	1.78804
6.08554	1.85734
6.0385	1.87245
5.9575	1.91431
5.55394	2.04024
5.53588	1.91892
4.3949	1.68857
4.13537	0.861809
3.37713	1.06265
3.53916	1.66271
3.90661	2.05671
4.18218	1.9518
4.55455	1.97532
4.67135	2.04723
4.88495	2.14977
5.05284	2.24754
5.28149	2.10613
5.45806	1.83196
5.34628	1.75808
5.18454	1.59876
5.08773	1.50613
4.94388	1.58074
4.75014	1.70287
4.47249	1.80716
4.3116	1.71735
4.12211	1.64314
5.13803	1.28995
5.89741	1.52638
6.20155	1.44714
6.10883	1.5465
5.90206	1.45036
4.68724	1.59304
3.42971	1.48353
3.02277	1.28774
3.04352	0.926494
3.05606	0.864329
2.91791	0.974528
3.36703	0.712589
5.56675	0.711335
5.29483	1.38776
6.07819	1.6766
5.69203	1.84241
5.05533	2.12175
4.20831	2.03634
3.62996	1.31585
3.31178	0.954222
3.16735	1.02003
3.07208	1.01876
3.8613	0.48594
5.02125	0.295318
4.9537	0.428945
5.1029	0.746967
5.94132	0.515408
5.20307	0.684075
4.49326	1.08377
4.60703	1.08885
4.03626	1.33879
4.27606	1.4773
3.4106	1.56421
3.1459	1.32681
3.06715	1.00318
2.92898	0.817077
2.93858	0.815776
2.75323	0.71295
2.92033	0.616313
3.10219	0.691843
5.17709	0.786239
5.20345	0.923919
4.42532	0.322531
4.12212	0.321377
3.88816	0.531222
3.75244	0.71558
3.87252	0.890813
3.589	0.670554
3.09367	0.795269
3.73304	0.123525
3.09429	0.752631
2.80152	0.658761
2.83243	0.721649
2.74999	0.744437
2.89521	0.556681
2.84495	0.537275
3.44773	0.689512
2.9491	0.911843
2.97383	0.942291
2.94859	0.758562
3.11906	0.897059
3.6533	1.5745
4.25025	1.39539
3.53864	1.01533
3.67526	1.91524
4.42072	1.78559
4.7949	1.59356
4.764	1.62372
4.66832	1.64187
4.49327	1.72109
4.39675	1.73277
4.21533	1.80457
3.8741	1.87529
3.86963	1.7083
3.68467	1.40582
3.62197	1.20146
4.4442	0.770775
5.36753	0.570834
4.92202	0.748671
6.24433	0.826718
6.77757	0.714174
6.97707	0.696249
7.0752	0.761308
6.94643	1.03439
6.68434	1.29663
6.23346	1.34922
5.5199	1.4285
5.37634	1.39418
5.09554	1.48852
4.82105	1.56841
4.45999	1.64287
4.11806	1.53666
3.83322	1.39519
3.55459	1.28405
3.30727	0.970774
3.16999	0.917753
3.27351	0.697088
5.21461	0.343287
5.56068	0.541036
4.8767	0.68234
4.44327	1.409
5.09849	2.01158
5.37256	1.94672
5.21407	1.95327
5.10064	1.80263
4.98413	1.91624
4.93204	1.92759
4.91483	2.02181
4.88014	2.07432
4.94519	2.01232
4.94891	2.18894
5.28284	1.96084
5.52402	1.87877
5.61381	1.79816
5.63266	1.62553
5.30214	1.46558
4.40154	1.41863
3.66135	1.60167
3.43169	1.68795
3.24599	1.17635
3.20005	1.03681
4.96071	0.608373
5.73178	0.749163
5.00369	1.52518
6.44798	1.62621
6.56487	1.69652
6.69807	1.588
6.86568	1.47956
6.85404	1.53253
6.88757	1.52083
6.92123	1.41796
6.89495	1.24002
6.77835	1.07594
6.51838	1.02776
6.33112	0.814757
6.00669	0.859996
5.81372	0.829896
5.74543	0.767036
5.79931	0.617259
5.86065	0.650349
6.01948	0.671376
6.34444	0.675663
6.44974	0.854243
6.58133	1.04821
6.66992	1.20862
6.65841	1.22672
6.44579	1.37603
6.08823	1.55205
5.58982	1.7422
5.22035	1.88275
5.06543	1.81509
5.11148	1.61401
5.01554	1.7504
4.93161	1.73325
4.88534	1.73704
4.83219	1.70113
4.6441	1.75198
4.54783	1.59191
4.4826	1.53632
4.30425	1.59101
4.1082	1.54813
4.67287	0.625323
4.3164	1.20438
4.90007	1.05865
5.6377	0.751188
6.21423	0.612735
6.47653	0.501915
6.52394	0.721921
6.32812	0.916708
6.06041	1.02928
5.59472	1.31976
4.69809	1.45394
3.57047	1.50152
3.33914	1.2377
3.47156	1.28774
3.38648	1.20508
3.43643	1.40674
3.51943	1.21874
5.16841	1.30529
4.83652	1.33277
3.73818	1.164
3.87012	1.17618
5.25601	1.98178
6.21653	1.80833
6.46412	1.64684
6.57258	1.60971
6.69608	1.4217
6.64083	1.41597
6.54732	1.34189
6.55796	1.1073
6.37121	1.12624
5.82628	1.47392
5.4466	1.24648
5.35705	0.996796
5.20545	0.746044
5.28368	0.40193
5.35178	0.368984
5.37167	0.88154
5.47268	1.22368
5.95532	1.44933
6.14943	1.55951
6.31459	1.51159
6.254	1.65052
6.14037	1.71863
5.89698	1.84426
5.58109	2.04932
5.36702	2.1583
5.33713	2.08416
5.29644	2.1397
5.32366	2.15333
5.41245	2.07187
5.47717	2.16289
5.57872	1.9701
5.72517	1.8288
5.79512	1.78094
5.87644	1.58238
5.88321	1.51323
5.59708	1.59435
4.91609	1.64646
4.43939	1.28254
4.06406	0.840835
4.08829	0.694437
4.91499	0.436499
4.51838	0.3741
4.55234	0.105786
4.39152	0.205386
4.47284	0.215839
4.25325	0.434087
4.21015	0.920249
5.08503	1.30832
6.14445	1.08729
6.0387	1.17658
5.67066	1.3038
5.10569	1.43872
4.64203	1.54275
4.74144	1.55764
4.30157	1.55742
3.73279	1.61419
3.41535	1.27748
3.23382	1.11449
3.12909	1.00571
3.18241	1.03044
3.04589	0.894046
3.01957	0.972141
4.48581	0.861825
4.19084	0.871598
4.65317	1.04471
4.4317	0.464657
4.22364	0.537531
4.14824	0.46749
3.84981	0.798794
3.71433	1.05984
3.78843	0.656438
3.40637	0.886418
3.9937	-0.147033
3.43168	0.615786
3.22034	0.944012
3.08359	0.961309
3.04458	0.926091
3.04845	0.894639
3.01953	0.882146
3.01388	0.756405
2.98192	0.536866
3.04859	0.765702
3.09789	0.743708
2.97439	0.826082
2.72607	1.03484
3.15538	0.726113
3.10242	0.830509
3.21636	0.628687
2.94151	0.697723
3.04417	0.890976
3.20643	0.685335
3.10985	0.760789
3.38422	1.18825
4.56615	1.71994
5.08115	1.54519
5.69313	1.56291
6.02938	1.58187
6.33699	1.4251
6.53899	1.33592
6.397	1.30685
5.59452	1.5977
4.99661	1.26819
5.05674	0.784222
5.50196	-0.0313017
5.63551	-0.685477
5.50956	-0.7941
5.24067	-0.534412
5.34367	-0.569286
5.1244	-0.163025
4.87448	0.589604
5.95715	1.16801
6.56908	1.07377
6.61417	1.16399
6.25975	1.416
5.42284	1.66692
4.19903	1.69511
3.87754	1.41115
3.83683	1.34675
3.70741	1.30034
3.66897	1.12342
3.68705	1.24972
5.26011	0.415386
4.94559	0.75376
6.46371	1.77463
6.53384	1.93111
6.84342	1.74917
6.85933	1.72161
6.88061	1.63586
6.75524	1.70799
6.31826	2.0432
6.26225	1.83801
5.86073	1.88921
5.34934	1.7664
5.09431	1.47469
5.41772	0.701945
5.52884	0.478135
5.50359	-0.1676
5.41903	-0.236744
5.44211	-0.259274
5.37898	-0.425977
5.1222	-0.392726
5.12441	-0.171174
5.07223	-0.0873812
5.19997	-0.0672201
4.96753	0.160487
4.56262	0.439605
5.20549	1.27023
6.63626	0.983021
6.74282	1.15587
6.60766	1.42478
6.65115	1.45701
6.71746	1.53403
6.59004	1.75659
6.5576	1.72596
6.43586	1.72415
6.28023	1.8667
6.24076	1.83527
6.18959	1.86997
6.10214	1.92454
6.04729	1.83885
5.7937	1.97479
5.68671	1.96624
5.43948	2.0778
5.2887	2.07445
5.08875	2.1147
4.9394	2.26708
5.08153	2.06305
5.13031	2.21719
5.205	2.20067
5.22872	2.11503
5.38647	2.02314
5.52705	1.98766
5.63351	1.96587
5.71478	1.87806
5.64833	1.95761
5.62098	2.10401
5.68727	2.04286
5.73932	2.08028
5.88579	2.02875
6.03493	2.14362
6.31985	1.95778
6.59157	1.94269
6.75569	1.91484
6.70777	2.00778
6.83263	1.89388
6.98987	1.73871
6.9702	1.88371
7.09189	1.76431
7.07477	1.68352
6.9689	1.83673
6.98372	1.81489
6.98315	1.79176
7.06389	1.73109
6.91626	1.71884
6.86693	1.75172
6.79624	1.83623
6.70999	1.91068
6.70906	1.87901
6.59051	2.01895
6.32192	2.15061
6.07274	2.28524
5.89271	2.36092
5.73512	2.34257
5.50332	2.52507
5.41834	2.4376
5.45971	2.22945
5.26526	2.46114
5.43852	2.30358
5.56554	2.22168
5.72773	2.23338
5.877	2.11687
6.00428	1.9755
6.0201	1.97173
5.87829	1.93466
5.37588	1.69585
4.88185	0.902934
5.39871	0.132682
5.70444	-0.68075
5.96079	-0.421784
5.89806	0.746287
6.19883	1.87551
6.62297	1.71558
6.68947	1.72459
6.5605	1.88887
6.3961	1.92949
5.94554	1.97096
5.03546	2.1041
4.49257	2.01536
4.35814	1.74664
4.46937	1.70095
4.36876	1.62722
4.09484	1.66223
4.02344	1.66546
3.99076	1.74835
3.93524	1.73054
3.93778	1.53628
3.89244	1.699
5.17109	1.01124
5.84796	1.21089
6.30275	1.10947
6.52702	0.882396
6.58624	0.752743
6.63416	0.708303
6.6034	0.686649
6.51806	0.815202
6.51354	0.832517
6.48135	0.883469
6.47544	1.03189
6.45927	0.995096
6.17941	1.02042
5.55022	0.477611
4.48489	0.629564
5.16784	-0.283764
5.58368	-0.203308
6.1086	-0.37002
5.76841	-0.853206
5.98989	-0.904889
6.05071	-0.876395
5.98192	-1.05909
6.02233	-0.887313
5.93267	-0.955182
6.00515	-0.80918
5.84831	-0.810198
5.91631	-0.778878
5.73588	-0.516359
5.62467	-0.315378
5.01005	0.0509679
4.47349	0.790424
4.31432	1.54543
5.08325	1.98143
5.31097	2.00621
5.14448	2.08858
4.95657	2.26094
4.73949	2.23757
4.59179	2.32252
4.36491	2.16558
4.51561	2.15764
3.88819	1.73326
3.60228	1.65374
4.14081	1.86598
3.93813	1.44144
3.83572	1.42443
3.83969	1.3299
4.07907	1.34562
4.03224	1.30364
4.43248	1.14921
4.61296	0.954329
4.76725	1.04282
5.16253	0.9115
5.41993	0.714747
5.78497	0.66461
6.10455	0.59419
6.0669	0.8011
6.03186	0.942084
5.99518	1.01603
5.6348	1.16724
5.37879	1.23666
5.39759	1.22879
5.57049	1.29121
5.85844	1.15447
6.02236	0.971507
6.20996	0.83657
6.33263	0.767627
6.50019	0.621701
6.50484	0.645641
6.5954	0.599707
6.5406	0.691862
6.41245	0.732782
4.77956	1.13321
3.99662	1.6256
3.85408	1.52097
4.95627	1.12726
4.94342	1.47526
5.05794	1.81452
4.89639	1.89994
4.57721	2.09486
4.51406	2.1375
4.36839	2.07239
4.13341	2.07118
4.07675	1.92386
4.05413	2.04588
3.97751	1.59628
3.93369	1.56725
4.32113	0.336267
4.28736	-0.0918905
3.58965	1.00504
3.55418	1.1092
3.43184	1.18283
3.49785	1.05671
3.25999	0.896213
3.28543	0.860843
3.18794	0.827639
3.37714	0.927477
3.31267	0.82232
2.38941	0.841663
2.82802	0.586519
2.87095	0.555875
2.86173	0.690628
2.81251	0.801487
2.88852	0.657054
2.81908	0.693717
2.84985	0.481354
2.94067	0.691897
3.47501	0.619815
4.4447	0.675247
3.7043	0.326283
3.38716	0.22256
3.62774	0.288042
3.63414	0.267323
3.88369	0.30268
4.08469	0.293485
4.04929	0.237611
3.87786	0.209118
3.91196	0.0983694
3.67116	0.391643
3.47364	0.654853
3.26519	0.537238
3.06703	0.577246
2.89024	0.902874
2.93014	0.713089
2.86429	0.60069
2.78309	0.627492
2.98752	0.74123
3.554	0.399385
3.96455	-0.314534
4.23282	-0.301843
4.52655	-0.247286
4.54368	-0.316512
4.81627	-0.276455
4.81031	-0.244923
4.74187	-0.0485724
4.36108	0.248419
4.38175	1.02733
5.51663	1.14089
6.01264	1.08582
6.23842	1.16128
6.17214	1.39066
5.83896	1.73439
5.27966	1.9582
4.91168	2.15573
5.00889	2.18132
5.41876	2.12967
5.73723	2.11973
6.29151	1.74893
6.75377	1.43748
6.88942	1.36219
6.70352	1.43714
6.34518	1.64537
5.78799	1.87532
5.25391	2.11757
4.72578	2.14102
4.68846	1.96431
4.83241	1.56586
4.5234	1.38789
4.48552	1.07014
4.81398	0.343348
4.75906	0.18243
4.6863	0.0475797
4.75297	-0.161842
4.77755	-0.0531445
4.72256	0.0095181
4.54077	0.296693
4.4439	0.42538
4.26616	1.33273
6.23377	1.44982
6.86176	1.2351
6.74608	1.25093
6.62781	1.41576
6.62272	1.27524
6.52446	1.19734
5.99437	1.20526
4.46674	1.66157
4.7283	1.37584
5.6301	1.28629
6.281	1.37699
6.40896	1.36986
6.21982	1.48159
6.06223	1.56021
5.90417	1.64354
5.82029	1.59074
5.77517	1.52057
5.67297	1.4517
5.66611	1.00827
5.72092	0.778689
5.70518	0.635998
5.8017	0.480916
5.9209	0.439956
6.02416	0.390492
6.1925	0.456405
6.26297	0.60595
5.88211	1.07227
5.67594	1.00677
5.56788	1.24476
5.26872	1.71383
5.25676	1.69496
5.27231	1.12078
5.2209	0.755989
5.08633	0.90959
5.17552	1.37537
5.60197	1.49735
5.95619	1.46617
6.14262	1.44592
6.18435	1.41507
6.00879	1.45997
5.36176	1.56081
4.12915	1.60262
3.36205	1.51437
3.29358	1.28048
3.45598	1.19506
4.04898	0.904224
5.48418	0.742393
4.99804	0.916536
5.13385	1.59272
6.026	1.33913
6.21915	1.21714
6.11456	1.2295
5.71189	1.44848
5.13585	1.51228
4.70601	1.73381
4.28722	1.82018
4.19174	2.06151
4.23487	1.71589
4.30961	1.573
4.09297	1.6866
3.7666	1.75735
3.77387	1.7781
3.66667	1.78193
3.5472	1.33726
3.44213	1.38747
3.63045	1.44438
3.54393	0.856249
4.73142	0.0181175
5.69686	-0.159598
4.904	-0.701083
4.81892	-0.734339
4.67516	-0.594683
4.56852	-0.364376
4.53395	-0.752244
4.57552	-0.761327
4.30378	-0.0289905
4.32682	0.0843195
4.45221	-0.232907
3.38802	0.769671
3.22937	0.69305
3.14158	0.845135
3.22201	0.76069
3.2163	0.793671
2.99313	0.633762
2.93474	0.788186
3.00042	0.893002
2.96144	1.03263
2.9328	0.918482
3.03116	0.82985
2.98074	0.691391
3.04377	0.756652
3.04811	0.843549
2.96377	0.505952
2.94045	0.531182
2.91662	0.483869
2.23984	0.382679
2.69928	0.491898
2.67123	0.567149
2.71019	0.468822
2.8688	0.570117
2.76097	0.429406
2.82086	0.506078
2.66102	0.637218
2.86807	0.631441
4.86544	0.901633
5.31019	1.07674
4.01481	1.11603
4.14036	1.08633
4.97516	1.63334
5.74279	1.84407
6.15304	1.78449
6.02585	2.05595
5.63148	2.26499
5.32291	2.2079
5.18657	1.85193
4.96473	1.82227
4.93671	1.60902
4.63549	1.78361
4.25381	1.80653
4.06955	1.68528
3.76197	1.5898
3.59887	1.12105
5.22349	0.780487
5.48558	0.831951
5.51413	1.6983
6.70108	1.61318
6.84073	1.68013
7.10433	1.569
7.30471	1.42746
7.2894	1.48422
7.29817	1.50618
7.30654	1.40024
7.25101	1.40304
7.05592	1.49746
6.94901	1.49101
6.68416	1.76253
6.46814	1.86461
6.28455	1.869
5.97822	2.01042
5.84459	1.81141
5.59092	1.69029
5.46227	1.66521
5.26221	1.71113
5.19612	1.57061
4.8801	1.7836
4.41051	1.84302
3.88426	1.46372
3.48182	1.4197
3.30313	1.44425
3.44543	1.2696
4.59423	1.82248
4.55868	1.86134
4.63405	2.17329
5.7588	2.2073
6.02752	2.04489
6.10461	1.88357
5.91527	1.85844
5.39257	1.97617
5.05153	1.74262
4.89587	1.71067
4.53377	1.89999
4.2778	1.76729
3.86532	1.92481
3.70053	1.45321
3.59211	1.18631
5.52671	0.704351
5.45745	0.426633
5.47204	0.0497033
5.44869	0.540585
5.22938	0.523511
4.74559	0.13147
5.29628	1.60863
6.19818	1.73243
6.42874	1.66138
6.44579	1.75369
6.45257	1.77657
6.51156	1.76411
6.50217	1.82028
6.57911	1.73214
6.36971	1.93152
5.98122	1.9966
5.1891	2.18544
4.38195	1.83657
3.97893	1.02423
4.76758	0.251864
5.65473	0.455695
5.69419	1.11216
5.7242	1.39952
5.5413	1.51014
5.7927	1.77165
6.38884	1.4999
6.59105	1.25513
6.54473	1.19845
6.5012	1.07973
6.33098	1.02219
6.12608	1.02555
5.89415	1.07371
5.78429	1.04599
5.69574	1.02149
5.7238	0.924008
5.88333	0.802467
5.98967	0.743135
6.02185	0.651394
6.05351	0.643665
6.08041	0.568778
6.08645	0.592008
5.90607	0.73617
5.3056	1.33489
5.25871	1.7835
5.3379	1.71013
5.38427	1.66351
5.46729	1.58877
5.63497	1.29041
6.19437	0.811988
6.18495	0.805098
6.20006	0.807053
6.14173	0.91311
5.73022	1.36023
5.5027	1.62398
5.39607	1.63486
5.40138	1.57749
5.30712	1.614
5.18788	1.58173
5.08077	1.56334
5.00888	1.50347
5.0041	1.78454
4.82318	2.13606
4.67615	2.18209
4.85832	2.19815
5.00895	2.20088
5.13649	2.056
5.10751	2.17644
5.15731	1.99998
5.13391	1.93333
5.00212	2.02759
4.92682	1.99097
4.95214	1.96585
5.25904	1.94408
5.73944	1.70806
6.15933	1.75787
6.60718	1.62073
6.65567	1.65998
6.55072	1.72851
6.18561	1.99494
5.99961	2.07926
5.86871	2.14853
6.2149	1.73862
6.05528	1.71927
5.94966	1.77313
5.85944	1.71977
5.68154	1.63103
5.60921	1.36275
5.99989	1.10945
5.83799	1.20702
5.48097	1.18294
5.61518	1.17135
5.7421	1.28434
5.86223	0.948724
5.7237	1.26414
5.27611	1.60508
4.40083	1.15199
3.75015	0.926733
4.19989	0.539987
4.18683	0.183396
3.99808	-0.0577102
4.1189	-0.0206574
5.52732	1.52508
5.57324	1.59791
5.32381	2.01564
5.03793	2.03398
4.9335	1.88138
4.89149	1.76724
4.81264	1.65057
4.6734	1.64509
4.50361	1.64293
4.32904	1.59161
4.25589	1.29515
4.10099	1.36669
3.86513	1.38443
3.9384	1.28711
3.85841	0.926373
4.18374	-0.0664473
4.26874	-0.581179
4.25073	-0.671853
4.2161	-0.794075
4.31654	-0.516782
4.19716	-0.472191
4.38728	-0.333235
4.38196	-0.320399
4.3988	-0.6453
4.48918	-0.723128
4.14037	-0.720697
3.88192	-0.0848222
3.54672	0.709213
3.32906	1.13793
5.12864	1.40328
5.17407	1.76741
5.58209	1.53771
5.95249	1.53688
6.15832	1.47125
6.29697	1.38564
6.42842	1.34512
6.42406	1.37842
6.38161	1.45636
6.22751	1.54621
6.11163	1.5179
6.04761	1.44879
5.84204	1.45948
5.55125	1.47383
5.04113	1.42565
4.15687	1.64076
3.57764	1.74859
3.59665	1.27478
3.76333	0.944396
5.49274	0.626148
5.37452	0.775423
5.89084	1.70842
6.76288	1.49515
6.89338	1.5253
6.88288	1.48802
6.71121	1.51115
6.2244	1.53458
5.35058	1.65234
5.1231	1.51191
4.93346	1.59958
4.5724	1.70845
4.17239	1.73907
3.72511	1.56961
3.37935	1.3616
3.2907	1.15003
5.14996	0.398274
5.69203	0.697206
5.68976	1.27007
6.66926	0.805757
6.72291	0.650957
6.51918	0.601872
6.0199	0.790657
5.39178	0.914048
4.46935	1.06329
4.01853	1.50569
4.08077	1.70267
4.14156	1.72557
4.02163	1.67092
4.13418	1.63744
4.19859	1.89663
4.19216	1.68156
4.04188	1.57207
3.82496	1.58944
4.67571	1.0555
5.95786	1.24458
6.83725	1.79077
7.18941	1.57677
7.16258	1.50071
7.13728	1.32292
7.06456	1.03662
6.91704	0.815668
6.26838	0.896556
4.91895	1.50884
4.85105	1.94014
4.94933	1.902
5.029	1.83763
4.98899	1.82432
4.89306	1.83107
4.63814	2.07253
4.60697	1.92714
4.45501	1.94385
4.21119	2.12538
4.15377	1.94188
4.34362	1.60672
5.16193	1.33144
5.4586	1.60789
5.92605	1.64017
5.98251	1.64992
5.62759	1.51686
5.01157	1.43085
4.71997	1.16983
4.98456	0.447816
4.98521	-0.0827537
4.87529	-0.192457
4.83378	-0.483048
4.97473	-0.17743
5.24838	-0.0272889
5.13272	0.13019
4.79908	0.756386
4.74435	1.40569
5.97679	1.8161
6.82414	1.27894
6.80081	1.50057
6.59653	1.65722
6.26888	1.62076
5.42101	1.81023
5.79834	1.69983
4.5623	1.96876
3.96787	1.97551
3.98045	1.38668
4.27865	1.43195
3.91129	1.78386
3.65808	1.73665
3.48348	1.48089
4.47883	1.51468
4.01978	1.3393
3.85554	1.45642
4.10518	1.88976
3.874	1.36027
3.52183	1.44035
3.85689	1.2653
5.19912	1.30042
4.68928	1.11366
4.09152	0.96649
3.92768	1.17258
6.74127	1.29461
6.88712	1.78358
6.96835	1.57502
6.91874	1.36479
6.60302	1.32344
5.81762	1.26648
4.57931	1.02339
3.69262	1.34938
3.67109	1.40928
3.76894	1.02361
4.86532	0.302093
5.16231	0.645622
5.2786	0.325407
5.22733	1.36202
5.94863	1.28792
6.1874	1.04766
6.15027	1.03342
5.89866	1.13473
5.67064	1.09415
5.24655	1.09274
4.91113	1.06719
5.04094	0.704528
5.46174	-0.166466
5.40983	-0.684686
5.07979	-0.598613
4.48418	-0.127247
4.77598	0.98893
3.63748	0.869594
3.45108	0.793403
3.22494	0.977127
3.20757	0.965468
3.63803	0.558648
4.19315	0.204606
4.36289	-0.24734
4.41743	-0.157085
4.81535	-0.108334
5.99861	-0.178577
5.21504	0.365712
5.56295	0.726647
5.94057	0.854698
5.47809	0.95869
4.34445	1.17688
3.85668	1.12626
3.47203	1.17108
3.98707	0.4966
4.90418	0.407998
5.77666	1.51207
6.62863	1.65434
6.96536	1.60129
6.94357	1.60627
6.92163	1.56385
6.87086	1.57488
6.84209	1.72946
6.84567	1.71299
6.81324	1.66847
6.46309	1.97683
5.93115	2.20935
4.68283	2.12372
3.82665	1.63439
3.54155	1.43349
3.49913	1.21177
3.48602	1.11074
3.82389	0.675317
5.62912	0.331948
4.51799	0.865783
4.51988	1.92085
4.83046	2.05883
4.44633	1.96826
4.77702	2.071
5.05711	2.1489
5.40083	1.82506
5.57619	1.46697
5.47141	1.5242
5.5179	1.25185
5.4493	0.957563
5.36672	0.554752
5.3797	0.359001
5.57589	-0.046916
5.72111	-0.269438
5.94473	0.109031
6.23301	0.764465
6.67692	0.80443
6.78156	0.79943
6.55081	0.896401
5.96448	1.06593
4.87421	1.36767
4.07406	1.39586
3.75994	1.22407
3.64721	1.06245
3.43321	1.09344
3.42913	0.936674
3.26367	0.978275
3.15612	0.828059
3.61406	0.890621
5.53613	0.569761
5.22799	0.347945
4.53142	1.46452
5.87775	1.78938
5.99005	1.70031
6.0255	1.64727
6.18176	1.44596
6.11411	1.22258
6.08268	1.00851
5.73896	0.948443
6.00346	0.563092
5.59893	0.369766
5.7889	0.329475
5.48483	0.378258
3.54722	0.96614
3.27498	1.00881
3.23456	0.887894
3.73903	0.149984
5.56852	-0.212414
5.0504	0.572038
5.56111	0.755956
5.64517	0.693778
6.49663	0.357272
6.43292	0.431679
6.62582	0.197849
6.21667	0.518318
6.20067	0.483547
6.10049	0.579631
6.10176	0.622193
6.10999	0.615058
6.00851	0.853745
5.80955	1.17244
5.44891	1.50531
5.03904	1.88369
5.02662	1.96422
5.09802	2.02891
5.30807	1.78037
5.3471	1.77963
5.36194	1.75174
5.30002	1.83126
5.32674	1.75776
5.26261	1.85684
5.32101	1.82061
5.96889	1.79689
6.28953	1.64714
6.49051	1.52637
6.36259	1.55334
6.27181	1.50225
5.99714	1.62384
5.84526	1.46535
5.79039	1.31831
5.82877	1.07696
5.83215	0.939732
5.80478	0.917552
5.82092	0.85263
5.91471	0.93628
6.05163	0.980914
6.18051	1.15357
6.13343	1.38883
6.05659	1.56439
5.91007	1.67471
5.37118	1.90129
4.14014	1.91168
3.50552	1.28522
3.28556	1.25567
3.29178	1.04039
3.35935	0.922051
3.54572	1.20829
4.9576	0.713871
5.07292	1.0068
4.07302	1.29434
5.46735	1.80681
6.00836	1.60703
5.95211	1.49143
5.75586	1.54278
5.6721	1.59708
5.73625	1.56474
5.72789	1.53227
5.76714	1.46387
5.75861	1.56965
5.92933	1.40407
5.98225	1.40569
6.14401	1.29455
6.33672	1.07181
6.34511	1.02529
6.34985	0.951856
6.28052	0.875714
5.93141	0.799746
5.17387	1.40692
4.92713	1.65724
4.69505	1.81341
4.67635	1.69691
4.40269	1.79562
4.25094	1.61387
3.64164	1.53923
3.59805	1.22957
4.93613	0.244928
4.89435	0.217789
3.91621	0.32718
4.15991	-0.130986
5.3585	0.43424
5.02334	0.438391
4.65543	-0.0708573
4.8672	0.00678779
4.21832	0.560259
4.15623	1.22867
5.89931	1.08696
6.23587	0.948334
5.93984	1.22136
5.74871	1.46181
5.79726	1.53351
5.82484	1.64318
5.86623	1.8141
6.10245	1.61256
6.11703	1.62298
6.18315	1.71463
6.32161	1.64363
6.54646	1.41918
6.49639	1.57559
6.52715	1.58169
6.59938	1.4483
6.42419	1.67564
6.5443	1.46695
6.42071	1.54215
6.45846	1.38996
6.36339	1.2464
6.29704	1.18146
6.16472	1.00969
6.04227	1.00507
5.88392	1.07852
5.54976	1.29926
5.08882	1.55883
4.89029	1.80542
4.7904	1.73739
4.57248	1.67723
4.4712	1.5844
4.27061	1.52543
3.78749	1.58211
3.55652	1.39842
4.22832	1.57391
4.41264	1.74645
3.9158	1.73233
3.61515	1.45522
4.10032	2.08799
4.75207	2.41524
5.31212	2.22399
5.40785	2.29102
5.62099	2.01232
5.30105	1.98258
3.80455	1.73008
3.74009	1.45002
3.60708	1.32994
3.30718	1.23013
3.18553	0.962115
3.31555	0.971486
3.21827	0.925805
3.32387	0.899462
3.32277	0.819881
3.40409	0.958226
3.72171	0.800396
5.57941	0.528037
4.18858	0.874741
3.54774	1.4566
4.63775	2.38795
5.05441	2.30967
5.14842	2.25692
5.05422	2.25984
4.30639	2.39123
4.22228	2.03401
4.52323	2.22529
4.7478	1.79633
4.73277	1.34994
4.23803	1.63122
4.39018	2.17384
5.10545	1.07283
4.85767	1.6099
4.74787	1.73213
4.62994	1.77434
4.50619	1.74445
4.30736	1.7013
4.25506	1.34649
4.05129	1.27963
3.6999	1.28055
3.51034	1.18321
3.37005	1.04252
3.31965	1.09948
2.37363	0.504226
2.70605	0.570598
2.66609	0.67638
2.70093	0.602352
2.64647	0.41686
2.73992	0.659377
2.70497	0.504072
2.74649	0.529577
4.37295	0.238168
4.45772	-0.118725
4.52782	-0.1319
3.47092	0.0298496
3.61444	0.130531
3.93416	0.068925
2.97244	0.620468
3.0949	0.600461
3.01037	0.504974
3.24731	0.668121
4.67872	-0.132452
5.0294	0.0490126
3.88406	0.0226936
3.46284	0.451951
4.21841	1.43676
5.31062	0.69339
5.32877	0.724524
5.15484	0.976319
4.39314	1.7709
4.1732	1.91328
4.04564	1.78688
4.00214	1.65872
3.81241	1.6519
3.58433	1.65412
3.46304	1.11658
5.5024	0.181471
4.81118	0.308567
4.54391	0.283913
5.14543	0.823223
6.09419	0.793345
6.43048	0.642461
6.41762	0.719964
6.24931	0.934585
5.97613	1.18823
5.38155	1.44763
5.04356	1.51202
5.03721	1.50328
4.91482	1.5415
4.66557	1.6134
4.50735	1.61524
4.87458	1.46154
5.39585	1.57614
6.25633	1.25788
6.20004	1.26102
5.77317	0.796804
6.11084	1.05668
6.63641	1.31401
6.90932	1.29041
6.92249	1.24657
6.88347	1.23986
6.78134	1.23984
6.60626	1.26811
6.20672	1.39063
5.51801	1.49708
4.5667	1.63355
4.71532	1.0582
4.40035	1.22099
4.39176	0.684682
4.41636	-0.0232969
4.44629	-0.307068
4.54352	-0.0981601
4.89211	-0.0832497
4.81785	0.47011
4.61895	0.967517
4.74208	1.328
5.38027	1.49295
6.01027	1.52863
6.45559	1.41966
6.70825	1.30553
6.8311	1.23718
6.80615	1.28436
6.67109	1.34299
6.25402	1.44173
5.57306	1.53602
5.49573	1.51991
5.69596	1.423
6.39465	1.13367
6.76513	0.999379
6.742	1.01014
6.50303	1.21646
6.23481	1.36488
6.06815	1.33548
6.01731	1.31316
6.00683	1.21404
5.92284	1.16227
5.98646	0.986241
6.03629	0.879012
5.94309	0.936836
5.76028	0.976236
5.3162	1.10616
4.19551	1.48893
3.60894	1.54837
3.39111	1.564
3.1748	1.22078
3.32865	1.11541
4.09121	0.832537
5.67207	0.52278
5.05263	1.39715
6.14345	1.77605
6.23797	1.84314
6.43302	1.6614
6.37451	1.73405
6.34016	1.75544
6.48944	1.60606
6.28692	1.70907
6.27656	1.68946
6.17876	1.54354
6.06766	1.49608
6.01644	1.1848
5.91347	1.07373
5.62599	0.965223
5.65962	0.727454
5.36948	0.716779
5.24481	0.675819
5.17953	0.548146
5.05998	0.627523
5.11067	0.638154
5.18953	0.467215
5.27904	0.55695
5.17688	0.879681
5.49259	0.856808
5.45677	1.16175
5.10554	1.74005
5.42831	1.74837
5.39243	1.8366
5.35881	2.06876
5.52357	2.13472
5.73648	1.9943
5.97996	1.68172
6.00751	1.68428
5.30182	1.63226
5.06097	1.56176
4.92678	1.66466
4.69616	1.66409
4.48022	1.68105
4.21423	1.6951
3.84214	1.67252
3.61454	1.56544
3.54241	1.40053
3.22709	1.49069
3.25496	1.44722
3.00485	1.17274
2.96703	1.05461
3.06742	0.956173
2.8641	0.666543
2.8385	0.828351
2.84289	0.62882
2.78713	0.764169
2.98247	0.78728
3.13267	0.869291
2.95727	0.897294
2.79037	0.712221
2.93802	0.955692
2.81086	0.944952
2.77523	0.621174
2.71654	0.705645
2.68911	0.606066
6.65436	0.647048
6.77586	0.67456
6.74892	0.70098
6.45254	0.925078
6.29831	0.836043
5.90782	0.992032
5.62193	1.15996
5.39713	1.14448
5.08742	1.11125
4.94833	1.04606
4.61679	0.639572
4.31639	0.501624
4.14959	0.539199
4.63046	0.778972
5.31361	0.787533
4.14662	0.451643
4.30277	0.793041
5.23816	1.51526
6.2568	1.36532
6.66567	1.17536
6.71828	1.04058
6.48862	1.0863
5.90804	1.13338
4.53055	1.28106
3.64517	1.41211
4.35533	0.728237
5.6947	0.386899
5.09861	0.552118
5.25277	0.662468
6.10925	0.956197
7.21282	0.825698
6.94089	0.944421
6.56279	1.15464
6.22013	1.21024
5.58778	1.56576
5.55561	1.59679
5.49066	1.43196
4.6793	1.33291
3.8767	1.38836
3.57924	1.4106
3.58826	1.2016
3.42262	1.11257
3.30022	1.0126
4.43455	1.31235
5.0794	1.36687
4.83327	1.30466
4.33429	1.31641
3.89071	1.58542
3.70085	1.64816
3.84755	1.50936
5.36271	1.3591
6.35996	1.21859
6.38508	1.20791
5.93422	1.40135
5.07312	1.43208
4.08706	1.5119
4.00055	1.378
3.85764	1.48552
3.79485	1.47666
3.68422	1.51365
3.70433	1.36381
3.68947	1.21802
4.85915	0.342658
3.97891	0.498273
5.43227	0.817393
5.52954	0.889436
5.71317	1.34265
6.80948	1.09547
7.07802	0.686626
7.0893	0.533745
6.85865	0.555922
6.38929	0.580611
6.19201	0.789753
6.02302	0.799132
6.34777	0.376921
6.12716	0.567717
6.16004	0.596534
6.3272	0.437763
6.44562	0.428311
6.54241	0.558935
6.74747	0.660369
7.0791	0.582808
6.91463	0.830086
6.77101	1.05083
6.69217	1.11735
6.69062	1.05592
6.62545	0.998922
6.39524	0.997688
6.29987	1.09924
6.00077	0.982533
5.70028	1.01576
4.57448	1.29684
3.96252	1.52976
3.97016	1.45723
3.72996	1.55243
3.54717	1.38444
3.61625	1.24039
3.4687	1.04589
4.82232	0.425351
4.88584	0.119275
4.60663	-0.35789
4.67998	-0.188739
4.46768	0.555931
4.98414	1.05878
5.9303	0.973326
5.33753	1.14661
5.7808	1.2312
5.78151	0.986584
5.90836	1.0266
5.22933	1.13224
5.41222	1.47537
4.56133	1.25028
4.61005	1.56563
4.25156	1.49121
4.60352	0.456486
4.68563	-0.365973
4.72027	-0.358354
4.74785	-0.0997895
4.65535	-0.0651309
4.80282	-0.101627
4.70841	-0.373099
4.80321	-0.247126
4.87066	-0.222826
4.44207	0.103219
3.87293	0.705302
3.76542	0.793481
4.08304	0.151726
3.4031	0.986444
3.25781	0.958769
3.35282	0.761212
3.15674	0.604548
3.21108	0.720264
3.0627	0.595118
3.10944	0.471959
3.18396	0.672361
3.12395	1.11778
3.32954	0.827246
3.31459	1.03447
3.39432	1.09074
3.52404	1.89439
4.93744	1.93511
5.09797	1.93526
5.37148	2.14743
5.61471	1.78877
5.50608	1.59176
5.11586	1.46033
4.39781	1.30244
4.58584	0.173069
4.57796	0.273011
4.68531	0.138653
4.86268	0.198664
5.18746	0.103727
5.24684	0.00493848
5.22894	0.0503866
4.69748	0.270138
4.37543	0.730888
4.37356	1.45623
5.78803	1.71508
6.59056	1.27954
6.29357	1.40045
5.68783	1.62631
5.4928	1.71906
5.90169	1.77253
5.8518	1.85439
5.76837	1.81911
6.00856	1.71417
6.26821	1.60045
6.51952	1.61378
6.8346	1.3998
6.99747	1.15707
7.03294	1.06737
7.10774	0.873197
7.07803	0.72632
6.69376	0.946361
6.57153	0.899785
6.42269	0.918936
5.84208	1.19364
5.03341	1.13094
4.73338	0.777028
4.43038	0.594399
4.3764	0.643486
4.67844	1.05596
4.91375	1.34957
4.92698	1.86333
5.22413	2.01931
5.55822	2.21747
5.80279	2.01162
5.66334	1.76848
4.78389	1.73626
3.83062	1.48368
3.33857	1.24474
3.2138	1.17687
3.99998	0.809307
5.16631	0.428011
5.15931	1.36667
6.9587	1.13532
6.89077	1.11268
6.62346	1.17972
6.90473	1.17962
7.05433	1.17787
7.02758	1.1504
6.90271	1.15435
6.45507	1.35893
5.62332	1.61658
5.34138	1.63939
5.18405	1.68252
5.16795	1.80219
5.23799	1.78685
5.22499	1.73416
5.30408	1.60293
5.32564	1.68932
5.34674	1.70796
5.43836	1.55756
5.79938	1.10633
5.95851	1.52172
6.15835	1.46782
6.07504	1.59548
5.62881	1.68732
4.84975	1.49582
4.93617	0.208306
5.24935	-0.380577
5.29562	-0.53026
5.53156	-0.578309
5.60811	-0.441936
5.74854	-0.645908
5.54934	-0.444481
5.33917	-0.285789
5.06788	-0.0106276
4.60156	0.40096
5.27361	1.55002
6.03906	1.57154
5.8004	1.80987
5.57768	1.72218
5.46136	1.91448
5.33582	1.99595
5.0347	2.01719
4.24946	1.88346
3.56453	1.43431
3.67486	0.88945
4.04174	0.609486
4.34447	0.478218
5.22548	0.768817
4.97884	0.333633
5.5044	0.239862
5.18891	0.48465
4.57824	0.502546
5.10886	1.36955
6.7944	1.615
6.75544	1.58298
6.21079	1.76848
5.93166	1.80071
5.37987	1.89866
4.84844	2.01087
4.26239	2.02424
3.74287	2.0256
3.88063	1.85129
4.01955	2.17306
4.24812	2.33769
4.26249	2.19923
4.57582	2.13259
4.71925	2.11383
5.30785	1.85626
5.5997	1.88787
5.37606	1.98985
5.83655	1.32419
5.56859	1.44693
6.0403	0.874086
5.52331	1.14354
5.36072	0.866203
4.46017	1.53801
4.66319	1.5553
4.13254	1.66767
4.01479	1.65798
3.86284	1.67024
3.88664	1.74308
3.92474	1.7047
3.70339	1.37887
3.5795	1.27868
3.40847	0.98432
5.51406	0.224122
5.01834	-0.216365
4.92756	-0.348249
4.90551	0.230274
4.90617	0.180555
4.88048	0.125937
4.93669	-0.138479
5.0031	-0.290201
5.14689	-0.190903
4.82704	-0.407306
4.81112	-0.478958
4.40287	-0.534488
4.09743	-0.0592812
3.84849	0.151245
3.44282	0.779996
3.16263	0.806681
2.99105	0.814563
2.99592	0.607002
3.08772	0.868609
3.09574	0.630187
3.08646	0.767622
3.14087	0.852249
3.0507	0.637021
3.07023	0.423524
3.17721	0.513414
3.20413	0.580137
3.22455	0.607117
3.07608	0.681172
3.23673	0.708207
3.13386	0.697681
3.1513	0.608816
3.09925	0.567578
3.22619	0.596915
3.42493	0.752864
3.76547	0.336588
4.22756	-0.00790039
4.40064	-0.247122
4.38971	-0.146419
4.40017	0.147132
4.48149	0.0142688
4.55091	0.0863261
4.6493	-0.158275
4.80693	-0.283129
4.88476	-0.232187
4.89958	-0.241782
4.63367	-0.0698549
4.70265	1.3456
6.21012	0.959187
6.69676	0.514978
6.4345	0.650285
6.15788	0.991276
5.81944	1.56797
5.85701	1.54365
5.78648	1.58359
5.7658	1.67882
5.69308	1.71451
5.63228	1.67205
5.53113	1.651
5.39511	1.72791
5.24564	1.70786
4.94243	1.9556
4.77937	1.5672
5.35493	1.07139
5.88956	0.875343
6.3268	0.668602
6.46185	0.56547
6.62657	0.494794
6.72849	0.538851
6.64695	0.651065
6.45862	0.617403
5.69259	0.573857
5.39815	-0.113539
5.44943	-0.589744
5.33069	-0.955712
5.59681	-1.15787
5.59915	-0.760231
4.52788	-0.0257152
3.80489	0.440452
3.62239	0.413198
3.41687	0.773427
3.69948	0.617882
5.70802	0.552638
5.54875	0.874237
5.03697	0.92634
5.51708	1.59122
6.36692	1.24123
6.50493	1.20896
6.5002	1.23928
6.27537	1.329
5.92712	1.1015
5.78269	0.433746
5.58121	-0.398901
5.62701	-0.338166
5.70001	-0.0331614
5.97813	0.70782
6.16287	1.30522
6.32138	1.52875
6.24265	1.8887
5.9321	1.93452
5.53171	1.77323
5.51787	1.73166
5.45472	1.74722
5.33508	1.87051
5.32381	1.73098
5.25589	1.73067
5.0689	1.76668
4.88189	1.72937
4.70568	1.6914
4.51804	1.92456
5.07646	1.32963
5.91907	1.4693
6.36698	1.4817
6.4802	1.49804
6.53639	1.43813
6.48195	1.3225
6.15363	1.40634
5.87564	0.887111
5.80691	-0.0852499
5.68656	-0.389848
5.67689	-0.738087
5.70969	-0.279147
5.9595	0.749315
6.26205	1.29376
6.33578	1.42973
6.4006	1.44799
5.80075	1.71357
5.85868	1.75047
5.98824	1.71948
6.38182	1.21628
6.10649	1.27005
5.61414	1.53423
4.84573	1.73683
4.3287	1.76451
4.15898	1.74977
4.09669	1.71363
4.12092	1.66096
4.01881	1.63271
3.96532	1.70273
3.81914	1.43995
3.63818	1.29084
3.49976	1.27808
4.54529	0.270744
4.72027	-0.190784
5.15714	-1.02704
5.30762	-1.00175
5.51025	-1.07903
5.57125	-1.06855
5.65092	-0.895
5.70852	-0.739751
5.77681	-0.496626
5.54653	-0.520961
5.62743	-0.260467
5.21005	-0.184097
5.07735	-0.117153
4.70823	0.00281686
4.46353	-0.122936
3.99928	0.581568
3.75008	0.624994
3.8559	0.566677
3.56387	0.68033
3.37983	0.56821
3.21689	0.466716
3.23816	0.512421
3.11347	0.515258
3.2421	0.652169
3.21953	0.582252
3.20559	0.601645
3.21885	0.663822
3.1233	0.575024
3.18734	0.689707
3.12211	0.620776
3.14321	0.532435
3.19207	0.450068
3.06404	0.628731
3.08019	0.554043
3.09018	0.564393
2.54422	0.76627
4.01814	0.229231
4.65207	0.0416192
3.28179	0.335626
3.00951	0.757162
2.98551	0.749671
3.00529	1.01791
3.0495	0.858743
3.18525	0.959948
3.75339	0.994034
4.2943	1.28095
4.98796	1.04702
5.83354	0.999926
6.04249	0.943192
6.02167	0.98582
6.0898	0.915388
5.95309	1.01977
5.32505	1.21379
5.32634	1.50593
5.87404	1.32369
6.26192	1.24655
6.38238	1.26215
6.3923	1.33038
6.38187	1.33953
6.20883	1.51876
5.99099	1.55152
5.95833	1.46559
5.93118	1.59371
5.9497	1.60265
5.81876	1.59737
5.31258	1.87767
5.114	1.45693
5.00278	1.37615
4.7854	1.43968
4.44416	1.62813
4.06424	1.50308
3.72441	1.34098
3.61226	1.15611
3.57732	1.25469
3.5763	1.13484
4.79596	1.62943
4.66883	1.68171
4.1341	1.46047
4.84547	2.18807
5.90965	1.77214
6.10733	1.66468
6.1141	1.50422
5.70846	1.44975
5.36239	1.36697
5.23358	1.48872
5.04344	1.65808
4.882	1.61507
4.57971	1.65071
4.34994	1.63706
3.87519	1.39173
3.55219	1.2399
4.06688	0.662023
5.80717	0.333243
5.60726	1.31708
6.63859	1.31539
6.98132	0.906528
6.67708	0.984741
6.23822	1.04419
5.43172	0.958829
4.09551	1.32583
3.46905	1.3836
3.72289	0.928379
4.6543	-0.00497746
5.40988	-0.0887268
5.46792	-0.321789
5.65814	-0.612072
5.63249	-1.17402
5.41515	-0.963774
5.49975	-0.825709
5.20793	-0.842634
4.35342	0.119753
4.80661	1.73535
5.45229	1.81297
5.67352	1.69017
5.58723	1.68412
5.45419	1.72496
5.7016	1.37578
6.01523	1.38598
5.74224	1.23112
5.58713	1.17686
5.78485	1.46775
5.7293	1.45333
6.16123	1.13785
6.11868	1.04892
5.8582	1.11271
5.88123	1.14997
5.97085	1.10868
6.1047	1.31451
6.30494	1.32125
6.4509	1.29514
6.5079	1.45335
6.46406	1.6358
6.47413	1.64686
6.4299	1.63353
6.37501	1.73478
6.27054	1.76983
6.14778	1.8545
6.09207	1.97959
5.94834	2.05682
5.90637	2.11808
5.89498	2.05518
5.79915	1.98847
5.62112	1.85043
5.53293	1.8023
5.48681	1.9117
5.65918	1.91909
6.0239	1.84431
6.44235	1.79633
6.78076	1.75486
6.94838	1.68953
6.94569	1.7869
6.9053	1.92279
6.82762	1.91791
6.72872	1.94113
6.66144	1.99944
6.61154	1.96795
6.75901	1.67152
6.82718	1.42405
6.698	1.37791
6.70677	1.15173
6.68859	0.913103
6.66655	0.768387
6.59601	0.710629
6.54852	0.831986
6.4694	1.00066
6.36311	1.1044
6.12299	1.36193
5.93989	1.58109
5.94785	1.65504
5.96895	1.70862
5.99151	1.86876
6.07322	1.98799
6.2314	1.87842
6.36066	1.64338
6.31186	1.82152
6.47644	1.59309
6.16568	1.03888
5.49994	0.153766
5.7732	-0.145303
5.88912	-0.0764519
6.11903	-0.485314
5.93449	-0.697711
6.08123	-0.78829
6.30691	-0.914057
6.34947	-0.68895
6.21841	-0.555938
5.92435	-0.314246
5.53998	-0.153092
5.26804	0.204522
4.99145	0.532449
4.60754	0.666162
5.13358	1.94119
5.68127	2.15599
5.6894	2.2331
5.34463	2.00802
5.27075	1.97176
5.21953	2.04613
5.31064	2.05944
5.47267	1.92465
5.38193	2.00468
5.39676	1.9556
5.34144	2.08461
4.84877	2.09052
4.79992	1.99625
4.81713	1.82325
4.79688	1.76479
5.26284	1.88663
5.36625	1.38671
6.22873	0.867181
5.80384	0.626961
6.00659	0.654479
5.49762	0.675456
5.8545	0.548314
5.54447	0.581054
4.68945	0.996219
4.47202	1.32492
3.6793	1.26013
3.4637	1.22207
3.46285	1.1868
3.39127	1.35066
3.28407	1.46184
3.25351	1.05931
3.19787	1.16527
3.28138	0.965718
3.22014	0.953451
3.15157	0.895604
3.03949	1.03168
3.04884	0.900985
3.22835	0.843301
3.09509	0.926609
3.32768	0.405757
3.67931	0.580274
3.5583	0.768417
3.51001	0.69507
3.27659	0.750791
3.28229	0.818984
3.14533	0.789775
3.32666	0.86903
3.21689	0.609045
3.56379	0.294715
3.44967	-0.0340371
3.79027	0.137074
3.29905	0.773848
3.64265	1.15087
3.97801	0.996253
3.88394	0.872528
3.81252	1.36984
5.35514	2.06718
6.65214	1.49195
6.54811	1.9047
6.44846	2.27248
6.61635	1.92883
6.3666	2.13878
6.06008	2.007
5.33703	1.92835
4.16679	1.75245
3.66863	1.61148
3.50226	1.24351
5.34452	0.159525
5.96207	0.406901
5.97665	1.6704
6.64073	1.47655
6.24908	1.26623
5.27425	0.942212
5.69629	0.689658
5.8338	0.764256
5.68522	0.748199
5.70156	-0.0617996
5.87993	-0.645914
5.79189	-0.720877
5.75989	-0.757005
5.91953	-0.552449
5.49792	-0.0113546
4.07837	0.35859
3.25589	0.608513
3.29923	0.349802
3.13045	0.50234
3.07779	0.678812
4.85526	0.306948
5.72678	0.662521
5.62337	2.2471
6.51077	1.92348
6.53916	1.80673
5.67619	2.08799
4.71108	1.42819
5.20389	0.148207
5.84163	-0.0477183
5.917	-0.547876
5.79883	-0.737734
5.69999	-0.714627
5.82043	-0.897479
5.5658	-0.877729
5.35284	-0.96332
5.26067	-0.390708
4.74777	0.215194
4.33594	0.658455
4.72931	1.34398
5.80535	1.40152
5.48086	1.85011
5.49938	1.88
5.50812	1.92165
5.84445	1.89789
6.33468	1.76249
6.69424	1.57258
6.7947	1.53888
6.77873	1.53906
6.65829	1.50853
6.14644	1.54144
5.0368	1.96975
4.71883	1.92461
4.52194	1.7895
4.2799	1.61987
3.89597	1.70849
4.66684	0.850586
4.64534	0.165551
4.86626	0.556017
5.51341	0.946916
5.94119	0.742319
5.99389	0.660196
5.80754	0.565103
5.64114	-0.0379202
5.3799	-0.583051
4.64745	-0.460341
3.97674	0.437958
3.8082	0.388891
4.55721	0.233255
4.72358	0.439872
4.11105	0.18745
4.37866	0.319669
4.33958	-0.124322
4.77215	0.964308
5.92856	1.67826
6.32253	1.46994
5.96115	1.71493
5.71745	1.86454
5.40694	1.98389
5.14461	1.9363
4.34689	1.9689
3.94849	1.83745
3.68082	1.60556
3.74202	1.14669
5.13543	0.622625
5.36515	0.855541
4.74353	1.39886
6.6925	1.60773
6.8072	1.53051
6.77427	1.5528
6.87917	1.4234
6.55874	1.43471
5.18127	1.7187
3.77548	1.58863
3.64066	1.70748
3.47477	1.46706
3.34323	1.51167
3.74341	0.732791
5.50386	0.458602
4.81323	0.843364
5.11434	1.61182
5.07033	1.73302
5.76082	1.15433
6.06814	1.13937
6.62078	1.11341
6.6711	1.11429
6.64854	1.26402
6.40259	1.21344
6.08773	1.03549
5.83447	0.868067
5.75304	0.651503
5.6105	0.605014
5.51152	0.605732
5.28696	0.96634
5.2505	0.917978
5.19719	0.985371
5.12568	1.26854
5.208	1.66278
5.47179	1.64764
5.7061	1.59742
5.98929	1.59141
6.35679	1.37193
6.25622	1.51417
6.14284	1.5228
5.74399	1.52793
5.13665	1.81515
5.03193	1.85214
4.76419	1.85623
4.27707	1.78771
3.93605	1.20557
4.36861	0.150859
5.56106	0.255533
5.49743	0.155308
5.34697	-0.226169
5.27586	-0.256735
5.18188	-0.354449
4.94076	0.416234
6.1279	1.19213
6.58414	1.28943
6.3928	1.5409
5.47758	1.92215
4.1131	1.67372
3.55035	1.5625
3.42492	1.40602
3.6349	1.03873
5.75277	0.266038
5.50366	0.962408
5.89892	1.94995
6.28153	1.76868
5.35066	1.62245
4.83542	1.05562
6.04215	1.01736
6.09393	1.19887
6.14401	1.10449
5.67965	0.89776
5.65336	0.403723
5.97907	0.563953
6.13869	0.458289
6.17428	0.281163
5.8929	0.627762
6.06779	0.682277
6.07451	1.22683
6.10941	1.44033
6.15263	1.34149
6.11077	1.23979
6.02976	1.3505
5.97237	1.37443
5.70028	1.37979
5.50214	1.30277
4.87443	1.59429
4.57868	1.79818
4.46393	1.94952
4.49285	1.75553
4.39629	1.80932
4.28982	1.88377
4.17498	1.86853
3.79761	1.55342
3.63552	1.28339
3.65473	0.76267
3.88401	0.0140396
3.78635	0.0677732
4.05584	-0.0999049
4.42213	0.0163647
5.67555	0.676424
5.23887	0.166321
4.96568	-0.276279
4.95878	-0.37095
4.92331	-0.362353
4.95929	-0.25132
4.56585	0.187407
4.18044	0.559566
3.96216	1.08323
3.94539	0.666357
3.64008	0.77691
3.49785	0.882533
3.39605	0.822439
3.39335	0.901113
3.2505	0.76263
3.25023	0.82594
3.28424	0.517992
3.12461	0.816107
3.21735	0.800877
3.10893	0.708093
2.88338	0.87925
3.31041	0.732695
2.9946	0.817061
2.99225	0.615128
3.10879	0.605199
3.06789	0.52623
3.00502	0.551748
2.9875	0.594861
3.04641	0.463671
3.42252	0.331351
3.37584	0.513898
3.23432	0.401564
3.37163	0.59812
4.27941	1.49628
5.40837	1.17301
5.65582	1.26722
5.75655	1.32166
5.6427	1.68504
5.61468	1.67438
5.61738	1.42305
5.05147	1.64524
5.34968	1.74777
5.34199	1.92323
5.43281	2.04877
5.94136	1.83743
5.71713	2.03827
5.55142	2.13965
5.6225	1.8093
5.22221	1.81408
4.83154	1.42641
4.89046	0.783271
5.29679	0.114594
5.13667	-0.00215005
4.50197	0.214804
3.43382	0.878392
3.2495	0.843019
4.61151	0.284625
5.48045	0.26059
5.1814	0.140367
5.28044	-0.126267
5.32808	0.471159
5.48529	0.527412
5.90635	1.12432
6.13618	1.57537
6.233	1.58245
6.26639	1.45799
6.1836	1.05801
6.0164	0.243129
5.83026	-0.501982
5.86843	-0.757256
5.74435	-0.684429
5.44865	-0.52298
5.48453	-0.488934
5.50399	-0.345233
5.34929	-0.260598
5.11394	-0.0713569
4.89702	0.790974
6.08971	1.03666
6.52077	0.633835
6.33324	0.881408
5.89733	1.16869
5.41788	1.56664
5.31252	1.64797
5.36226	1.59841
5.28786	1.64475
5.1353	1.88666
5.08737	1.87442
4.96501	1.76763
4.72083	1.89936
4.2903	1.72699
6.01061	0.427611
5.59869	-0.401233
5.26788	-0.342195
4.55992	0.185636
5.20561	0.864285
4.74972	0.634396
4.86463	0.644814
4.64768	0.7886
5.582	2.02626
6.45276	1.82764
6.67209	1.72257
6.6395	1.82678
6.60325	1.77098
6.32483	1.9217
6.06282	2.05875
5.85977	1.85806
5.53078	1.95512
5.55901	1.93503
5.66965	1.74667
5.62841	1.84182
5.59198	1.88742
5.52497	1.91565
5.99839	2.0151
6.19343	1.91785
6.21478	2.0211
6.3384	1.89515
6.47454	1.82334
6.51672	1.82981
6.62619	1.69126
6.6601	1.72294
6.73961	1.66238
6.73504	1.71783
6.77841	1.68286
6.80477	1.59795
6.79288	1.60474
6.57513	1.70236
5.39962	1.45723
4.40267	0.996451
5.24572	0.576777
5.62612	1.07186
6.18435	1.3524
6.07523	1.31341
5.77631	1.25719
5.87484	1.14031
5.97928	1.0221
5.88198	1.04273
5.74041	0.96563
5.75172	0.936833
5.65263	0.862266
5.59107	0.581564
5.55823	0.311022
5.5187	0.206174
5.4029	0.0277257
5.24172	-0.159134
5.12686	0.459015
4.82905	1.1426
4.52704	1.47717
4.18613	1.33379
3.91408	1.35389
4.26023	1.47126
4.99301	1.72899
5.97495	1.72603
6.52613	1.70448
6.89644	1.55835
7.0107	1.60853
6.95526	1.61235
6.87829	1.56112
6.37606	1.52072
5.72558	1.58525
5.5983	1.49023
5.26426	1.56459
5.6389	1.07265
5.83806	1.13471
5.8239	1.08971
5.87179	0.978227
5.71887	1.2574
5.67711	1.2191
5.54809	1.36983
5.33428	1.57706
5.19431	1.76461
5.16006	1.69542
5.18262	1.5704
4.99411	1.63397
4.61974	1.68724
4.07339	1.43717
3.62508	1.39675
3.76518	1.05868
3.63335	0.820439
3.9918	0.525787
4.22619	0.0949559
4.26288	-0.0891058
4.17892	0.0308217
4.49578	0.0432507
4.23335	0.331445
3.94255	1.12612
4.47312	1.6803
6.24227	1.9206
6.53892	1.98392
6.81158	1.7272
6.90866	1.63344
6.93425	1.6367
6.95408	1.47301
6.3756	1.54909
5.1758	1.21699
5.57067	1.53314
6.16411	1.69423
6.36503	1.69384
6.10248	1.91905
5.58003	2.16977
5.05182	2.09936
4.81454	1.94525
4.77137	1.73559
4.6349	1.86276
4.6484	1.79227
4.47659	1.79713
4.40041	1.86394
4.39887	1.76178
4.40874	1.7215
4.34748	1.71121
4.15209	1.73695
4.10465	1.75787
5.04848	1.29611
5.50526	1.72716
5.92826	2.06253
6.13102	2.06544
6.13131	2.15093
6.02414	2.16837
6.02372	2.07369
5.94806	2.00049
5.85362	1.98154
5.89169	1.85269
5.89451	1.95043
5.99498	1.86425
6.00145	1.98797
6.07499	1.99985
6.00283	1.82537
5.89503	2.03617
5.78565	1.9399
5.61738	2.14035
5.71881	2.14112
5.71568	2.19883
5.32966	2.18859
5.1622	2.16139
4.80334	1.93619
4.48523	1.78389
4.41874	1.73405
4.39609	1.83009
4.16398	1.68299
3.9834	1.53573
3.88617	1.69408
3.7511	1.53775
3.62681	1.19782
3.44671	1.41672
3.41729	1.07664
3.18605	0.935972
4.07761	0.595894
5.63206	0.749456
4.78064	0.827531
3.89213	0.855217
3.88031	1.24737
3.99036	1.41914
4.08214	1.33359
4.59775	0.669211
4.13639	1.15837
4.15292	1.35287
4.30218	0.963282
4.11904	1.14253
3.94862	1.28479
3.81409	1.23924
3.69881	1.38639
3.50534	1.35885
3.42983	1.00576
3.40571	1.13833
3.37738	0.984528
3.29341	1.05582
3.19816	0.956121
3.20112	0.19292
2.97314	0.739359
2.97049	0.645555
3.14353	0.69845
3.09746	0.759801
3.06573	0.579921
2.92017	0.806237
3.08165	0.897702
3.15556	0.783599
2.53797	0.684607
2.9532	0.685829
2.8594	0.647205
2.96319	0.773351
2.99419	0.55055
2.9757	0.476673
2.98052	0.551254
3.18673	0.623566
3.2185	0.456377
3.30021	0.44174
3.29398	0.698216
2.98854	0.717921
3.14832	0.412837
3.2122	0.607394
3.17336	0.738623
3.68451	0.795772
3.20179	0.487807
3.35431	0.382413
3.66451	0.354938
2.9717	0.761028
2.93797	0.647434
3.0885	0.768968
2.9594	0.858595
3.15008	1.0287
3.32208	1.07926
5.01048	1.96903
5.44943	1.89609
5.22385	1.69235
6.08079	1.94485
5.5797	1.77073
5.1554	1.72917
4.01824	1.63068
3.75924	1.35445
3.49321	1.16275
3.35877	0.772666
3.316	0.97794
5.20933	0.619438
5.96108	0.887998
4.94978	1.66099
5.92844	1.82856
6.76428	1.91386
6.56841	2.07132
6.73091	1.92583
6.94611	1.68814
6.5545	1.70297
4.30419	1.88732
3.81571	1.78815
4.14509	1.63661
5.72126	1.88392
6.09717	2.12509
5.84883	2.10978
5.48227	1.76498
5.41902	1.73753
5.39816	1.75451
5.37892	1.80313
5.33852	1.68729
5.15695	1.77998
5.08028	1.57436
5.71435	1.53943
6.22957	1.62858
6.29959	1.51979
5.76283	1.51549
5.33057	0.93973
5.52869	-0.291434
5.46098	-0.480676
5.19279	-0.312857
5.32202	-0.0355833
5.30508	-0.279983
5.25165	-0.156123
5.17245	-0.156354
5.09982	0.0520008
4.79161	0.563466
4.7716	1.69644
6.50275	1.23718
6.77805	1.10087
6.55548	1.32805
6.24558	1.6209
5.90003	1.67768
4.74026	1.56594
4.00082	0.893287
5.44633	0.818009
5.51145	1.15654
4.99545	2.00197
4.32335	1.91498
3.56528	1.70858
3.56666	1.52974
3.43845	1.60115
5.0193	0.945678
5.02612	1.62261
5.24055	1.93425
5.91955	1.28729
5.98805	1.23868
5.82256	1.33639
5.82059	0.923104
5.48362	1.21391
5.24928	1.18427
5.00211	1.3154
4.78628	1.54118
4.97102	1.28046
4.48106	1.85129
4.35182	1.94114
4.41778	1.80768
4.65216	1.75088
5.52652	1.58918
6.03268	1.7818
6.07436	1.8985
6.30943	1.57131
6.25205	1.58896
6.11357	1.47564
5.6298	1.75643
5.26885	2.07757
4.60483	2.23381
4.47914	1.52608
4.45984	1.93666
4.80194	1.99872
5.01867	1.88701
5.05796	1.89501
5.41958	1.67774
6.03007	1.73244
6.16317	1.60583
6.11721	1.56361
6.31955	1.2743
6.26465	1.15293
5.48085	1.38837
5.30882	1.36314
5.1184	1.38156
4.90881	1.52077
5.05238	1.19257
5.12326	1.50309
5.26001	1.29276
4.87011	1.78092
4.93996	1.12655
3.97658	1.47158
3.79658	1.64237
3.73796	1.71006
3.61685	1.4341
3.38536	1.3254
3.22918	1.35425
3.21202	1.12275
3.10449	0.912434
6.06596	0.95463
5.4032	1.90162
5.27289	1.88792
5.3883	1.66163
6.24812	1.27177
6.89685	0.967661
7.00203	0.847136
6.84852	0.928638
6.39996	1.02267
6.28061	1.21406
6.67176	0.996407
6.84369	0.971187
6.71454	1.24118
6.61093	1.36966
6.71899	1.12054
6.29667	1.18569
5.31014	1.19948
5.01738	0.21083
5.15231	-0.155245
5.32402	-0.279717
5.21819	-0.0443499
5.14243	0.00103205
5.11403	-0.00461716
5.07578	0.0548525
5.0503	-0.260421
4.97678	-0.131245
4.76158	-0.151087
4.63817	0.174018
5.06694	0.977904
6.24147	0.7505
6.34748	0.629454
6.31415	0.613706
6.21517	0.742522
6.13215	0.85397
6.16779	0.80953
6.20556	0.841434
6.34559	0.7044
6.36732	0.674949
6.44923	0.552149
6.3888	0.631192
6.0722	0.63012
4.83605	0.92325
4.09356	1.50375
5.36574	0.932154
4.8271	1.28608
4.52005	1.49596
4.35941	1.64266
3.96591	1.6405
3.81547	1.49201
4.26566	0.9951
3.7558	1.21837
5.21546	0.444482
5.20628	0.726384
4.47679	0.459233
4.58259	0.526595
4.80423	0.533792
4.9959	0.362581
5.076	0.491759
5.19554	0.560187
5.13042	0.976426
5.26047	0.907383
5.32467	0.780456
5.11885	0.552569
4.70536	0.151045
4.67338	0.0563835
4.66537	-0.246273
4.57393	-0.100948
4.78551	-0.106485
5.00945	-0.278412
5.10353	-0.125205
5.08264	-0.516193
5.22655	-0.403909
4.99925	-0.096005
4.49907	0.27039
3.94074	0.522793
5.03487	0.878469
6.67731	0.711761
6.29481	1.0512
6.1131	1.21425
5.91764	1.42803
5.78046	1.57793
5.62262	1.6831
5.50557	1.70182
5.34905	1.74828
5.2941	1.87935
5.30758	1.94689
5.44093	1.85013
5.64707	1.82013
5.87943	1.73402
6.02009	1.73969
6.16544	1.72684
6.13901	1.67366
6.2588	1.39883
6.1073	1.44619
5.81446	1.52029
5.5076	1.67493
5.35509	1.70087
5.09424	1.62718
4.89677	1.65696
4.42092	1.78913
3.79306	1.50368
4.37531	0.165919
5.30072	-0.129905
5.91328	0.0652829
5.18082	0.200286
4.88559	-0.0323969
4.50391	0.514274
4.18098	1.12092
4.59973	1.5218
6.3139	1.51977
6.53132	1.72948
6.4555	1.76805
6.49327	1.79566
6.62218	1.7345
6.64593	1.72382
6.72453	1.6866
6.819	1.70219
6.91329	1.69983
6.97562	1.55021
6.94927	1.42578
6.78718	1.34717
6.51368	1.22983
5.59999	1.35321
3.99025	1.67983
3.6248	1.51403
3.65117	1.21722
3.37697	1.35795
3.49272	1.08065
5.48057	0.848907
5.02769	1.25075
5.41747	1.885
6.35797	1.94449
6.2905	2.11154
5.97478	2.29447
5.80167	2.20482
5.85902	2.09053
5.93384	1.94252
6.00169	1.86639
6.06994	1.89629
6.18569	1.85678
6.17404	1.84703
6.2069	1.89784
6.46466	1.34309
6.11503	1.26602
5.09751	1.07023
5.54708	-0.0501901
5.33504	-0.456321
5.41747	-0.775723
5.36748	-0.645217
5.4995	-0.601846
5.44855	-0.676396
5.26339	-0.329059
4.82484	0.325046
5.44388	1.68482
5.93952	1.71867
5.70767	1.82283
5.30639	1.85401
4.80109	1.98697
4.18745	1.88164
4.36423	1.76249
4.64176	1.3361
4.58813	1.15967
4.91538	1.00906
5.68215	0.688785
5.7991	0.405316
5.93804	0.19661
6.01157	-0.0988621
5.91185	-0.0218521
6.0076	-0.00863367
5.96813	0.118154
5.94529	0.335513
6.09807	0.437968
6.20905	0.433785
6.44212	0.320887
6.72469	0.37522
6.92741	0.463191
6.96007	0.659202
6.8526	0.969992
6.73374	1.26139
6.55297	1.48452
6.36745	1.6141
6.05869	1.85717
5.91967	1.85849
5.62798	2.06827
5.38032	2.2871
5.41914	2.25538
5.50752	2.24764
5.63058	2.15243
5.85537	1.91847
5.94656	1.88435
5.41871	2.20441
4.24218	2.04861
4.7851	1.86787
5.53683	1.88271
5.8412	1.91653
5.74664	1.76955
5.57596	1.77461
5.39027	1.76392
5.02267	1.91314
4.25504	1.97722
3.38074	1.62395
3.29202	1.23137
3.17888	1.10796
3.27271	1.2169
3.44861	1.11765
5.59216	0.990009
4.89257	1.18156
4.02674	1.54529
5.4743	1.80572
5.69731	1.75671
5.43605	1.91761
5.34368	1.69646
5.38128	1.47496
5.37186	1.07879
4.7639	1.77801
4.50965	1.57831
4.14422	1.69702
3.60202	1.27682
3.31364	1.10516
3.23915	1.15045
3.15383	1.12105
3.0952	0.952115
2.96397	1.05837
2.91774	0.609348
2.86588	0.782162
2.70602	0.746004
2.85201	0.715356
2.827	0.779045
2.79265	0.753434
2.76665	0.547781
2.73499	0.539256
3.32653	0.661276
3.40472	0.804169
3.4528	0.433042
3.26668	0.757586
3.53846	1.24321
4.89125	1.83909
5.87038	1.9198
4.71519	1.85256
6.47841	1.94024
6.1925	2.01478
6.04159	1.92585
6.28862	1.9747
6.4266	1.88308
5.95461	1.8176
4.85925	1.45714
4.95598	0.447292
5.06732	-0.00705491
5.51058	-0.156618
5.78436	-0.234967
5.52022	0.0388907
4.13157	0.274532
3.38052	0.853277
3.32065	0.989363
3.24066	0.786617
5.86098	-0.211557
6.24026	0.0617544
5.63851	0.0381989
5.07703	0.253113
5.22651	1.30238
6.04993	1.27517
6.29103	1.10747
6.44375	1.03201
6.66921	0.8159
6.70599	0.754221
6.58753	0.750237
6.58701	0.701087
6.67082	0.697167
6.52645	0.698804
6.47374	0.696546
6.29414	0.898469
5.65777	1.37709
5.34139	1.67744
5.29971	1.77737
5.22563	1.78748
5.19126	1.82342
5.32645	1.63883
5.59848	1.364
5.95816	0.747912
5.88589	0.59206
5.74268	0.664455
5.72505	0.856807
5.901	1.13845
6.21098	1.54726
6.4021	1.68927
6.34753	1.62584
6.33177	1.32759
6.37691	1.04484
6.10367	1.05218
5.77495	1.24865
5.82474	1.22361
5.9336	1.06934
6.13885	0.916899
6.2653	0.658898
6.21599	0.623642
5.91464	0.860278
5.14489	1.09715
3.80618	1.41432
3.48691	1.26578
3.57069	0.952481
5.4752	0.498883
5.51843	0.733893
5.36319	1.46887
6.65232	1.46457
6.66315	1.58048
6.63814	1.4984
5.99357	1.47582
5.69517	1.39052
5.60327	1.64428
5.59809	1.53186
5.56356	1.6305
5.51739	1.73882
5.58467	1.62177
5.58729	1.75959
5.46368	1.76422
5.51784	1.65538
6.05304	1.58782
6.28344	1.48545
6.43293	1.42279
6.29929	1.26083
5.66278	1.4951
5.31001	1.75567
5.27681	1.79115
5.0601	1.84216
4.94254	1.97342
4.77527	1.82402
4.20796	1.84698
4.70336	0.976865
5.04437	-0.0858633
5.32293	-0.154087
5.36215	-0.192263
5.05273	0.728177
6.10654	1.22414
6.65363	1.03969
6.51708	1.34549
6.41934	1.32453
6.14025	1.45661
5.58773	1.46361
4.35647	1.32643
3.63949	1.21617
3.60301	0.514504
3.83259	0.84527
4.89317	0.805459
4.09056	0.950505
5.15251	1.76156
5.72218	1.66037
5.30414	1.67156
6.15272	1.91877
5.85079	1.85111
5.81084	2.07361
5.94501	1.82496
6.14865	1.747
6.25466	1.60325
6.16604	1.67793
5.32032	2.17366
4.05652	1.21221
4.32924	0.622172
4.58407	0.712676
4.59147	0.685088
3.94604	0.867285
3.96573	0.838445
4.36961	0.634528
4.13353	1.67515
4.22789	1.81807
4.25509	1.63589
4.21706	1.62365
4.12808	1.45184
3.97829	1.37826
3.84811	1.54236
3.85114	1.35884
3.59931	1.32489
3.81634	1.39288
3.47523	1.36282
3.26908	1.14881
3.23746	1.06494
3.32015	0.931556
3.37609	0.901988
3.09465	0.839779
3.12869	0.795197
3.20582	0.748386
3.08227	0.823798
3.26508	0.956198
3.21792	0.787911
3.20066	0.771206
3.12618	0.782039
