-19.2127	-10.1275
-11.1494	4.87312
5.53893	-7.2242
-6.01579	-2.12296
-2.85545	1.33997
-5.20775	-1.07006
3.67719	3.41074
-1.54827	-8.3597
-9.7311	-7.18802
-2.88433	-9.03684
-5.32608	-3.42348
-0.221926	-4.61157
-2.0543	-9.20909
-7.83444	2.61497
2.96379	-2.65248
-0.960732	-8.6505
-10.3626	-4.92279
-6.42731	5.78191
-0.521464	-10.095
-13.698	-9.66086
-10.6293	-14.3127
-4.44222	6.93577
-9.26818	-1.13131
-11.8853	3.91232
-4.20646	-5.18612
-2.46981	-3.77543
-1.20478	0.00587257
-0.929756	-4.872
-6.07758	-2.43241
-2.9778	-5.34827
-1.01786	-4.12729
-2.04333	-11.6692
-11.6682	-7.53862
-7.22236	-3.30586
-6.31271	-14.2113
-13.9622	-5.9033
-5.98949	-12.8155
-11.0545	2.56231
-2.65937	-8.86767
-2.9481	-6.51045
-6.52915	9.45293
7.61996	-1.33502
0.811591	-6.92997
0.69777	-1.17498
-1.70086	-3.5916
-5.54825	0.956278
-1.14166	0.192151
1.25935	-12.9214
-13.1189	-5.25935
-7.11155	-1.64239
-0.916918	-16.41
-14.3609	-3.98588
-6.8957	-4.55004
-5.85655	-10.9664
-10.8503	0.831893
1.37935	12.4708
11.0316	-9.84498
-5.80285	0.231266
-1.95302	-11.6727
-9.87645	1.00653
2.6647	-4.76821
-4.03197	1.16576
-1.01194	3.08005
0.924479	-10.8224
-10.7722	-1.25423
0.314966	6.228
11.3882	-9.66266
-9.45096	-4.50511
-4.09463	-4.16185
-7.59568	-11.2257
-10.177	1.93132
-6.08294	-0.549648
2.99662	3.52603
4.39836	8.17076
2.92915	-6.81182
0.628992	0.0617915
1.50051	3.47954
6.65573	6.76099
-3.95668	0.708268
0.783579	-19.9671
-23.5136	-12.089
-15.1356	-5.57285
-3.47344	-21.2422
-14.9852	0.75188
-1.68803	-3.33019
-11.1645	-1.05206
-7.13164	6.84329
1.5625	4.73472
0.535217	-2.05312
-1.57113	-0.351902
6.84459	5.34111
1.66032	4.08431
6.77064	-0.0961461
-1.21971	1.44508
1.09862	2.47233
-0.484968	-20.1198
-17.6854	-7.39885
-9.81603	5.74153
7.18362	-7.49036
-7.46833	-2.78544
-7.25929	-5.19943
-6.8747	-10.0613
-5.39437	2.78373
6.03545	2.37942
-9.35011	-4.42966
-4.6974	-6.19269
-7.29017	0.165871
-3.50992	-1.21728
-1.31769	-6.88334
-8.65617	-1.58361
-2.69284	-4.52248
-5.17613	-10.046
-9.1904	-15.5301
-15.999	-2.95802
-3.52327	-16.6809
-17.8792	-5.60824
-9.00111	-12.4682
-8.39086	0.895937
-1.1123	-2.51572
-2.26779	-2.05871
-2.2973	-4.55209
-1.08825	1.96364
2.87305	1.2565
2.56047	-6.04738
-5.68134	-4.11629
-2.91696	-2.07156
-0.461596	-1.25457
0.958283	-21.5266
-19.4457	-10.6586
-8.92585	-8.30743
-7.10796	-9.76472
-6.42659	-1.07457
1.9951	-2.57312
-3.66424	-1.73327
-5.31533	-4.19958
1.00027	7.82725
-0.969733	-7.88923
-6.61048	3.70862
0.986539	1.90235
2.08116	-5.33475
-2.98389	2.53581
-1.63303	-4.42487
-11.1489	0.23375
0.642046	-11.7814
-12.3921	-5.7832
-5.67789	-6.52685
-6.13547	-24.0938
-26.2678	1.27299
1.10107	-4.42107
-5.37785	-1.21959
-2.21558	-3.93011
-3.09486	1.00417
-0.163012	-8.08405
-9.8608	-1.00648
-1.59407	-0.801591
-2.89228	-4.22392
-2.72659	-0.515378
-2.96692	-2.43351
-3.19371	-2.94347
-3.5398	-12.992
-8.57579	2.00339
1.06828	5.86383
7.47066	-16.9493
-8.48892	-6.68056
-6.2523	-7.42214
-8.11067	-5.74689
4.98315	3.62496
0.654944	-0.806473
-3.70838	-5.40857
-12.6522	-5.21662
-5.21335	-1.98539
-1.36173	-5.21056
-4.28304	-3.02374
-2.85755	-1.46302
-1.44218	-5.16025
-5.80366	-12.3531
-12.0468	-13.209
-12.9502	-3.65119
-2.96408	-20.8078
-18.5188	-7.08167
-7.50519	-0.202497
-0.583133	7.76495
6.62764	-14.0399
-14.1084	-4.1386
-3.62286	0.0978494
1.82184	-7.62643
-6.74638	3.69685
4.00722	1.19243
0.3319	-2.68727
-2.38257	-4.35013
-3.94688	-6.00213
-7.38299	-13.5214
-13.0291	-14.0218
-13.7307	-9.65127
-8.02691	-12.5642
-12.9221	-10.2937
-11.0798	-4.70313
-2.54243	5.92178
1.44423	-8.69295
-9.94273	3.19397
0.949217	-5.4838
-5.88271	-5.41637
-4.51344	5.57857
4.53819	-4.49142
-5.99159	-0.150013
0.800898	-5.63016
-5.34223	-2.1567
-1.07062	-10.4894
-11.3091	2.07905
1.87795	-4.54257
-4.66335	-18.1599
-18.7597	-5.06869
-3.17607	1.15325
2.14365	-3.05176
-5.04327	-7.28444
-8.59849	1.11936
-0.410028	-11.0724
-11.0477	7.29238
9.03529	-0.153212
-3.18471	-3.4617
-4.24566	2.03135
2.03533	-4.47358
-2.39443	0.865846
2.19547	-7.3101
-7.05945	-9.28203
-9.36798	0.783507
2.08879	-19.6152
-24.9504	-12.4201
-13.3317	-12.4226
-12.4335	0.763198
0.405402	-9.11397
-10.2454	-1.04085
-1.46233	3.4078
2.38129	-5.33476
-6.33215	7.17932
6.46406	-1.33992
0.282298	-8.7531
-8.70954	-1.4724
-1.06261	-3.4658
-1.02671	-14.2238
-13.3731	-12.0722
-13.125	-2.42722
-3.97315	-12.0557
-12.6089	-1.59304
0.596202	-16.6947
-15.5217	-6.04037
-6.86269	2.91482
4.76417	-6.92442
-8.7728	7.79864
5.01311	-14.432
-10.6849	2.01119
1.91229	4.66653
4.37285	-12.1035
-12.1544	1.63893
2.62488	-4.78095
-2.59575	-11.8059
-14.2094	-3.71048
0.732993	-3.23911
0.00635714	-30.2044
-28.5776	-0.224215
-2.1752	-15.6458
-16.0896	-2.11201
0.0316992	5.37448
4.05954	-2.01157
-6.07913	-7.51292
-8.86595	4.11508
-3.8965	-0.42323
2.61485	0.836452
-0.116553	-8.45004
-8.75741	0.97138
1.5718	-1.99701
-3.19383	-11.0912
-14.8042	-4.04255
-9.70205	2.45843
-2.2866	-19.1722
-6.19176	-6.82167
-15.3022	-8.72268
-4.69962	4.02232
7.30369	-4.36156
-9.42545	-1.95704
0.616101	-4.47036
-4.09971	-8.67779
-10.7956	2.83276
5.74003	-3.72269
-7.71251	-2.36278
-3.40897	-3.3437
-1.35219	-5.60166
-4.75611	-14.7675
-16.8084	-14.5421
-14.5886	-3.74253
-3.09125	-12.6344
-12.9338	0.345914
-0.212161	0.312639
5.00221	-1.94623
-11.33	-5.92711
-5.53368	-1.1163
-0.0986207	-12.3401
-7.43532	-1.50104
-5.51892	5.43165
-2.03606	-1.55578
1.14771	-4.24864
-4.94426	-2.71752
-0.411478	0.479427
1.79089	-5.83139
-5.33333	-11.2844
-9.3792	-2.22117
-2.01147	-9.36516
-10.0859	-7.38291
-6.17334	-1.16843
-2.42862	-11.1676
-8.35477	-0.0323208
-4.03772	0.617649
-2.57801	-2.67589
-8.07056	-6.21409
-9.07646	-3.10764
-6.44488	-7.64629
-9.1763	-4.5783
-5.11971	-1.71079
3.40283	-3.85502
-4.81887	-19.6381
-18.9871	-13.7001
-12.0583	4.75773
4.79002	-4.14111
-6.73321	0.552903
-2.20796	-0.285411
5.54518	2.45884
2.58327	4.36306
3.60794	-1.5027
-4.93143	-2.80011
-3.46189	6.44191
0.00356015	3.19589
1.71017	1.81214
-0.931992	3.586
-0.123101	0.388834
0.700388	-1.84469
-0.697596	-13.8288
-16.7424	-17.2059
-16.8041	1.33957
0.051335	-10.3091
-11.835	4.05056
3.28231	-0.657895
2.24655	1.28772
-10.9487	-8.54522
-12.7544	4.26339
6.42537	-7.22565
-8.33181	-0.608743
0.897767	2.13941
0.377914	-5.65898
-6.37386	0.777809
-0.134801	-3.2313
-5.00682	-1.13704
1.25043	-8.69931
-7.51872	-7.85198
-7.51494	2.61445
2.15002	-28.258
-27.9097	-6.67825
-8.43644	-11.4876
-12.3789	3.27835
0.0846576	-4.38912
-0.309227	-2.66823
1.15689	3.53032
-8.52728	0.210455
-5.93707	-0.397154
0.302113	-3.47455
-4.43517	-7.84956
-3.36315	-4.28637
-4.99006	-2.68605
-2.06767	-13.3523
-9.76915	-16.4267
-12.2275	-8.5966
-2.82786	-15.0623
-15.1478	-15.9985
-14.0829	-6.33374
-5.20536	-6.40216
-2.90642	-6.33172
-8.60876	-4.68078
-9.01619	-1.75631
1.20111	-3.69678
-0.65766	2.93149
2.38293	-2.12061
-0.673954	-3.33313
-4.19834	0.508963
-0.243659	-4.30211
-4.73228	-8.25544
-11.248	-4.32824
-2.65074	12.5014
8.13736	-15.1378
-16.4418	-8.95472
-9.41187	-8.62984
-8.22177	1.36254
6.03361	-6.02018
-7.97017	-3.14347
-1.73252	3.85824
-0.0525705	-2.2145
1.184	-4.92077
-5.53943	-2.05239
-4.32435	1.59411
2.5588	-2.0687
-4.5146	-3.36108
-2.77194	-18.6643
-15.0202	-0.786734
-0.653388	-1.81702
-2.69433	-21.5702
-23.2031	-12.816
-14.4418	-11.1088
-13.9632	-13.2368
-7.98198	-1.43956
-8.83166	-9.25861
-6.27072	-1.43257
-2.5012	-4.56553
2.63749	-8.92736
-4.86832	-6.47146
-3.04299	-7.19113
-10.9313	1.14178
1.31655	-5.23156
-5.88599	-10.7582
-10.1069	-3.97695
-7.23877	1.29937
-4.32107	-16.1211
-15.0208	-4.33236
-3.07703	-8.69515
-7.05223	-1.8785
-1.69946	-7.59694
-6.96802	-1.60288
-1.8899	-7.0895
-7.31997	0.37913
2.28797	-4.24701
-1.47027	-1.7976
-2.16207	-2.28579
-5.70312	-3.69828
-2.81927	-5.33492
-5.6415	-8.43094
-8.35291	-11.2461
-12.8904	-4.17107
-4.01294	-9.10102
-10.1304	-4.86464
-3.19028	-11.7235
-9.25398	7.28138
5.67594	-2.93343
-6.9998	-13.4275
-7.47732	-1.05523
-2.00408	-2.8507
0.944451	-0.0176665
-2.54612	0.14976
-0.117809	-4.37035
-8.07122	0.802107
1.95284	-5.63786
-4.18116	-13.3797
-11.5255	-11.0541
-8.41755	-2.20999
6.04845	-13.2307
-8.83691	-0.864562
-0.928918	3.71317
-1.59769	-4.56467
-6.27589	-10.2189
-3.92121	-7.03985
2.39012	7.32922
-4.65433	-7.64107
9.81779	2.77848
-3.03785	1.81277
1.87172	-0.236239
2.98054	-1.83214
-2.77137	-0.0454281
-2.15946	-21.4974
-18.0259	-11.1118
-14.9756	-0.498516
-0.0649447	-12.2693
-8.36958	-6.0476
-8.59807	-8.05122
-7.13065	0.0527808
-4.26638	0.551522
1.17468	7.65924
8.44827	4.95728
4.40269	7.54871
2.52347	1.52969
-6.28079	-0.493467
3.4752	-5.85248
-7.93185	-3.13519
1.22489	1.00104
0.359101	-21.6248
-16.7609	-4.319
-1.99962	-12.4944
-12.1542	-18.8125
-20.2444	0.345844
2.59467	-8.54833
-10.2465	-0.863992
-0.706023	-3.17098
-0.0908334	2.08904
3.38418	-12.0502
-10.8395	10.1462
12.5686	-8.6637
-9.41608	0.13951
-3.47346	-5.83552
-5.19051	-5.73813
-4.16817	-3.65018
-2.77352	-12.2181
-9.63445	-10.8429
-11.5576	-0.465912
-1.91542	-21.7527
-20.7215	0.657207
2.35182	-18.2719
-14.6306	-4.49399
-5.02231	-6.19601
-3.63931	-0.660944
-4.62833	5.86607
5.4415	-7.35401
-7.6259	1.16064
3.75254	0.8346
0.102374	-8.09813
-8.74116	-1.025
0.477525	-2.71583
-6.84505	-9.2996
-11.2819	-8.74777
-8.94974	-0.564195
0.146314	-22.9451
-15.5985	-5.23623
1.95812	2.26963
2.18298	-2.70538
-3.68279	-12.8689
-14.3555	2.86199
2.81456	-8.29329
-9.65659	2.46651
-0.800455	-5.58274
-3.84236	-4.96959
-5.6046	-1.32491
-2.61631	-3.27276
-4.44383	0.107548
0.650297	-8.13777
-7.04366	-2.90399
-2.29893	-4.866
-7.24448	-12.5778
-11.3059	-11.2387
-8.05278	-4.95266
-5.96461	0.252512
-2.0974	1.86815
0.559182	-1.58359
-0.374009	-14.3775
-9.47575	11.6185
13.9869	-7.91359
-8.75924	-1.51757
-3.14881	-2.79165
0.415929	-4.2392
-3.54918	-3.28741
-3.06459	-15.6801
-15.7653	-14.0348
-13.9657	-2.92762
-3.95554	-13.8263
-16.5614	8.12186
5.64702	-2.18796
-1.89829	3.60092
0.102755	-13.8657
-17.423	3.78213
4.66638	-12.7323
-10.4136	2.28628
4.46847	-0.553339
1.92537	-9.09833
-1.77166	-8.05806
-2.30458	-5.59875
-4.21461	-0.500605
0.474401	-9.44353
-9.69434	-9.93558
-7.09574	-9.29622
-6.30392	-18.9708
-19.7325	-5.13386
-11.6826	1.01749
-4.24619	-9.22321
-3.93012	0.0486876
0.210927	1.00032
-0.799757	-2.84823
-2.36262	1.5009
0.841786	-9.14991
-1.00594	-0.791017
-4.38297	-5.85606
-5.57159	-7.60625
-1.80063	-0.732828
1.34273	-14.5538
-16.1814	-6.7961
-10.6841	-6.23752
-7.57603	-13.4683
-13.9451	-3.70524
-5.36795	4.21368
2.0236	-6.78349
-6.85685	-7.37355
-6.69388	-9.77191
-10.8763	8.49177
12.8887	-3.3034
-1.73834	-0.399397
-1.33568	-4.8529
-12.5912	-5.05432
-1.25721	-1.51708
1.15259	3.87955
-1.25626	-4.94855
-7.0834	-9.46044
-10.3567	-10.347
-9.142	-17.7838
-15.7986	0.181641
1.15955	-18.4751
-18.4863	-0.375088
2.02444	-5.26251
-5.38288	-0.683964
-2.7562	0.755752
1.93414	-6.7991
-4.6538	4.62932
4.28311	-2.25942
-4.62738	-2.52453
-3.15262	-1.93541
-1.21917	-3.43025
-5.03629	-12.9388
-13.7655	-12.2214
-13.9027	-4.84048
-5.23212	-13.6494
-10.3209	-4.14405
-5.24085	-3.4373
-1.26216	-1.15351
3.23808	-3.23437
2.72827	-2.56987
-3.22349	3.90687
4.21871	4.31199
-1.45867	2.08533
0.204623	-2.87605
-4.47536	-4.52503
-6.03558	0.713336
-2.25828	0.841755
1.87801	-9.55114
-15.1762	-5.14513
-9.95008	1.39199
0.632178	-8.23898
-5.31466	3.15639
-0.799805	-0.556844
0.553173	11.7135
-1.75625	-9.28836
-4.38517	-4.60656
-5.31137	-4.07528
0.572395	-7.28414
-3.24523	-4.51694
-5.28302	-0.354578
-0.494148	-0.828649
0.755948	-3.55683
-1.91785	-0.899403
-5.57832	-18.6263
-20.203	-12.9709
-7.60433	3.35832
3.89123	-8.95307
-6.87121	-3.48831
-6.74745	-3.43916
-1.24571	2.64381
0.88013	2.17177
-6.16352	3.07831
1.25771	-8.51146
-6.00466	0.374629
-5.35179	2.72384
-7.85573	-6.40267
6.67595	-0.035764
-5.21083	-0.366829
2.39338	1.25624
2.23286	-20.9433
-22.1783	-12.0493
-13.1499	6.96137
-18.3823	-9.07392
-9.7976	7.03776
4.70124	-8.67838
-12.1176	-9.19652
-7.72023	-9.9905
-11.251	-7.81979
-0.120569	-10.6733
-5.51663	-1.6174
-15.8512	-4.50377
1.63829	-4.19076
-0.897998	0.0857091
3.05848	-4.82131
-5.55593	-1.78931
-1.96438	-6.43614
-3.59524	-0.469042
-0.645159	-3.03853
-4.02038	-0.0891326
1.82944	-1.39341
4.3276	-13.6633
-7.15847	-5.76386
-1.15801	-12.5358
-14.8323	1.53551
2.71357	-3.02708
-2.77143	-2.85146
-5.70627	-8.81349
-8.55903	7.77094
9.70277	-1.7532
-2.8335	-2.96035
-3.44128	-1.86593
-6.53956	-3.2782
-2.21536	-3.16471
-2.85413	-7.29174
-5.879	0.0716883
0.0537111	-2.10537
2.42428	-20.908
-15.7765	-8.50402
-8.85128	-10.9185
-10.1162	-0.939007
4.84615	1.96681
-4.26938	0.3409
-0.840734	-3.86379
-7.60889	-3.1579
-11.8212	-3.02205
-2.00142	-2.44373
1.05418	-3.04174
-7.57258	3.70125
2.87958	-4.62959
-3.88516	-5.81789
-5.26032	-12.3932
-12.078	-9.70982
-10.8629	-10.2252
-10.914	-1.11142
-5.93186	-16.3079
-12.5987	12.9625
13.9991	-4.96469
-7.15657	-6.50526
-4.61115	1.55155
6.60865	-5.83048
-6.99854	1.98225
-2.07112	-2.54938
-3.47882	-3.85701
-1.32422	2.05123
-1.6286	-0.813104
-3.46262	-10.2046
-15.0935	-13.3195
-16.1025	-6.50491
-5.62726	-17.1502
-17.3057	0.292023
2.58677	-2.35715
-2.67582	-3.52478
-3.88702	-17.4954
-12.5782	1.01813
-4.78316	-11.1018
-10.5915	6.00218
3.85754	-4.08289
-7.41692	1.0717
1.66463	-6.8595
-8.27866	0.0573126
0.143148	-4.38344
-2.91	-13.4421
-15.1008	-0.507293
-3.45636	-11.0601
-9.75505	-22.0284
-22.6117	6.2656
5.06836	-6.2498
-5.60833	-3.11126
-3.76761	-7.84421
-6.50899	-6.14512
-11.1074	0.79609
0.687401	-2.69564
-4.62801	8.62796
8.4701	-0.874227
-0.660668	-5.47365
-4.35554	-2.29451
-3.5267	-5.53791
-5.67204	-6.47605
-6.26865	0.716332
0.0564969	-2.06701
-2.90706	-25.8898
-14.4022	-9.84257
-6.10078	-9.13734
-10.7874	-0.894334
-1.46132	-0.326308
-2.65601	-4.37797
-5.36477	-6.5264
-1.15127	-0.833446
-0.246598	-2.85061
-4.5158	4.13529
5.86456	-5.32036
-7.33811	-0.593904
-4.60855	-1.35719
-4.42817	-14.1314
-14.8751	-10.3554
-12.5181	-0.144159
-0.642829	-16.6403
-5.1745	-16.7786
-20.2862	4.42538
1.57115	-0.446542
-1.11338	-13.7822
-9.21041	-4.84012
-1.59901	-5.59939
-6.79809	0.248866
2.50129	-0.0749633
2.41641	1.4663
-0.0790417	-3.51223
-1.37619	-0.554333
-1.01929	-5.58831
-4.62085	-13.1977
-12.5662	-2.64518
-0.864555	-4.66894
-4.85058	-13.0398
-13.3526	-8.03166
-6.61261	0.0274216
-1.70375	-0.750555
-2.85695	-6.9885
-8.40884	0.139523
-0.117097	-5.13633
-0.543166	-8.04421
-6.63754	6.90292
0.245085	2.63188
6.27927	-2.05455
-2.3353	0.344829
2.50398	-4.72444
-3.65399	-7.69353
-7.74574	-18.3294
-18.3284	-8.95658
-5.69174	-11.7785
-10.7086	-8.38063
-8.37376	0.431166
1.20811	3.95385
-1.28964	-5.83554
-1.47329	-15.8377
-16.6658	1.00541
2.76196	-7.36393
-7.70861	1.20324
-3.02905	-3.69497
-1.82111	0.514733
0.872832	-4.69937
-2.84468	-0.631979
2.12907	-23.4254
-24.9388	-6.23338
-7.02876	-0.83847
-2.05302	-13.6928
-21.9528	3.62502
7.05248	-2.58444
-2.74354	-1.46582
-2.6926	-1.77738
-3.2623	-6.51358
-5.97202	-5.50304
-7.21748	-1.55427
-2.58541	1.9566
-1.25633	-2.23
2.30352	-0.803433
3.02623	-3.71623
-3.25259	-0.734483
-1.237	-17.3258
-18.0993	-9.53062
-17.3178	-7.84695
-4.88253	-11.3295
-8.201	3.44659
6.29858	-4.20514
2.65037	-9.38372
2.49706	0.377569
-4.94259	3.901
5.18847	1.57733
6.94272	-1.3539
-0.359354	-5.17148
-2.34283	3.24145
3.57202	-1.25156
-3.1074	5.59162
-0.767205	-0.534939
-4.68967	-20.4106
-18.6287	-8.41873
-12.4692	4.86244
6.54911	-9.75372
-2.22008	1.35065
-6.96107	1.06346
-20.054	-12.8866
-12.637	2.05273
5.49022	-9.98159
-5.80293	-3.47974
3.50957	-4.55527
-3.60649	-1.77743
-3.21362	-0.818959
-0.992522	-8.62973
-4.73104	-7.58623
-3.29528	-9.67271
-7.03369	-0.848939
-5.52974	-2.28286
-0.37663	-9.19085
-8.86816	1.56071
-0.206438	-3.38281
-2.28858	-9.75589
-9.51731	-1.53477
-1.23147	6.0663
-0.808773	1.54249
0.68404	-7.55709
-11.6176	5.64136
-0.78616	-8.83511
-10.9528	-1.81571
-5.86893	1.67112
-1.84052	-6.71396
-8.68975	-3.72939
-3.45527	1.13749
2.85934	-6.54203
-3.49079	-2.95403
-5.58544	-1.41259
0.610619	-3.19584
-2.24257	-8.88086
-11.1358	-1.79981
-5.4667	5.01293
2.86711	-16.6408
-5.22367	-2.78832
-11.5085	-5.3982
-3.24716	-5.94844
-5.05564	-14.9179
-15.4459	2.64572
2.4109	-3.98894
-6.54848	1.01634
1.49017	0.840016
1.68576	-6.85181
-7.46978	-4.42053
-4.50571	-4.11938
-4.54027	1.09367
1.3361	-17.0357
-21.6485	-4.28481
-6.39909	1.03759
-3.20752	-16.7997
-9.52727	2.88063
-1.04303	-8.9547
-4.87825	-1.76357
1.48205	-4.29706
-1.66864	7.58911
-1.38591	-7.36655
-3.89372	-7.42048
-6.15242	-0.00448196
-0.983428	-5.24177
-1.63083	-0.945355
-1.55709	-3.67834
-4.02095	-2.09108
-3.38283	-13.944
-13.1756	-15.6356
-15.4305	-4.28049
-3.95961	-18.3105
-19.8526	-5.93611
-5.89493	-5.33393
-5.38847	3.95853
0.175039	-1.28901
1.71228	-12.0301
-12.5863	-2.87132
-2.45009	3.57481
3.88821	-7.45358
-4.61923	2.76294
3.25829	-7.26456
-8.62527	0.511259
-1.105	-0.335943
-1.66115	-6.01223
-6.5581	-14.3527
-14.3586	-12.6906
-12.4248	-13.7792
-12.6278	-2.97444
-3.5668	-15.9076
-16.8881	-0.460842
1.09382	11.0694
5.54046	-10.7825
-11.8834	-5.90433
-4.48227	3.35371
6.02851	-2.91406
-3.08452	1.64441
3.83795	-6.30822
-6.83047	-2.18126
-1.25436	-3.41784
-3.32465	-16.7164
-16.3846	-21.9799
-21.5367	-1.52958
-1.44663	-14.921
-15.2822	5.74707
5.05324	-5.22845
-5.57619	-10.1236
-9.51273	-12.5771
-12.2004	0.693665
1.07944	5.34239
6.07856	-4.79596
-5.29218	1.99335
0.988238	-0.724734
0.945859	-6.08621
-7.7601	0.34838
-0.94922	-2.72718
-5.65059	-9.8478
-7.83032	-19.7337
-19.2004	-3.50458
-6.32215	-13.4658
-15.7939	2.54183
0.735711	-13.3515
-12.2865	-0.568647
0.741897	4.58693
-2.50413	-13.1062
-9.56207	-5.32598
-7.03276	3.22996
-3.82055	0.806097
7.12441	-1.42356
-0.563998	-1.57021
-1.86003	-0.579094
-3.19861	2.04368
-2.28843	-13.9709
-10.775	-16.1265
-16.3048	-3.58497
-3.40819	-16.9802
-18.6927	-0.3896
-3.26283	-3.0266
-3.87127	2.88353
-4.65115	-16.1855
-8.79264	-3.35673
-4.59755	13.0997
9.40113	-4.34414
-1.31591	1.90067
4.20783	-0.884765
-0.121435	-3.00819
-2.98064	0.739501
-3.00802	0.616457
-1.28096	-4.86693
-12.252	-0.793347
-2.00422	-2.74699
-4.59214	-25.6215
-25.587	1.51221
1.1567	-12.3598
-10.1945	3.88556
4.36057	-2.73063
-3.20339	-3.58746
-5.51877	-6.93425
-7.63022	-1.1437
-1.68529	2.46423
1.81374	0.189375
0.985547	-0.170916
-7.01759	1.22127
-4.47662	-2.78591
-3.7239	-25.0798
-25.8832	-5.47168
1.40464	-2.11538
-3.47345	-4.49821
-2.49411	-5.62826
-8.67211	-1.26938
-4.05269	-9.72927
-11.468	-9.8733
-6.11693	2.6739
5.39506	1.11743
6.29352	-3.1989
-1.9792	-2.56351
-5.00598	2.46569
0.0760542	1.53152
-4.32014	-1.6486
3.53936	-2.41499
-1.77302	-7.48756
-6.3225	-15.0146
-16.512	-5.0592
-8.30544	-8.96535
-11.7928	-3.56559
-6.52016	-14.7163
-11.2752	0.67771
9.22196	2.83232
-15.3798	-15.092
-10.4572	-0.137684
-1.00155	1.40259
-5.9227	-1.80994
-0.82448	0.749761
-5.04561	-4.96133
-4.31127	-3.2889
-2.85371	-4.74969
-2.87763	-9.73232
-11.8	1.06144
2.82734	-10.4893
-8.55274	-19.7248
-19.5425	-1.42163
0.00341275	-16.4801
-16.7972	0.694821
-0.469671	0.312344
2.06029	-8.21971
-8.46309	-4.04662
-4.08863	1.37992
2.39531	-0.0422303
-1.00475	-4.63056
-2.76042	-1.46433
-1.17534	-3.51196
-2.23633	-0.0244785
0.378034	-15.3309
-15.9987	0.989516
0.168316	-9.77079
-7.91086	-24.8739
-28.5351	-10.1344
-12.7401	-5.64813
-11.6606	4.37653
0.156776	-9.39852
-6.09211	-1.54922
-11.8774	0.161579
1.62356	-3.08533
-3.1954	-2.95747
-0.284312	-4.06874
-3.81976	-1.68254
-4.47524	0.491019
-2.5436	-0.26957
-0.119168	-6.05402
-7.4281	-2.41986
0.909051	3.57661
6.93788	0.933267
-10.5709	-7.66596
-13.3763	-9.87725
-6.99306	-1.56349
3.15354	7.21624
5.78779	3.62172
-2.19842	3.65361
8.37016	-2.98861
1.75592	-4.01064
-20.0889	-12.5589
-14.7428	5.47912
7.70383	-3.03931
-7.04248	0.755652
1.59817	-2.43938
-4.61212	-0.204738
1.2114	4.42666
-0.642206	-0.380951
3.48523	10.4211
1.79686	7.36553
-5.88863	-7.88986
-3.74354	0.961002
1.29334	0.893188
2.91615	4.10716
0.609989	-0.971134
4.33756	-23.697
-23.4651	-7.66614
-8.10725	-0.659653
-4.88718	-11.1231
-7.55884	0.36229
-4.70031	-4.12482
-2.60485	-3.32385
3.68051	2.83511
12.3841	-8.88626
1.31275	14.1097
4.07091	7.52003
1.68334	2.05629
2.58233	6.06268
-4.7564	-0.985808
2.48376	-1.6025
-4.01703	2.81116
1.35712	-26.6399
-25.4478	-6.53896
-5.59805	-5.80863
-6.97732	-17.5072
-9.26672	0.0777366
-7.40846	-16.0266
-7.06897	-1.05194
2.39174	1.50836
-0.450208	-7.33958
-10.7441	-0.673519
1.36909	-0.634478
-0.956486	-3.30541
-2.34351	-0.247386
1.60522	-7.49634
-6.92677	-0.335699
-0.31676	-5.92575
-5.25375	-15.1849
-17.661	-17.1358
-16.4203	-8.87555
-6.22525	-17.1369
-18.9454	-7.58718
-10.7499	-16.0608
-13.6323	6.18473
0.921315	-2.37579
-9.61382	-8.66221
-7.55144	-7.32732
-14.1847	-7.10715
-7.62884	-3.67893
5.16786	2.46257
-9.77496	0.868931
-2.54811	-2.34739
1.26212	-1.3478
-0.787007	-24.9292
-20.854	-4.30561
-7.79286	1.42768
-3.50846	-20.9832
-23.1807	1.64024
2.79455	-3.63082
-3.03486	2.15526
2.14611	-4.85874
-4.15762	-6.05149
-1.56875	-11.5782
-3.25532	1.6793
2.54144	4.45121
0.805561	-5.69829
1.57676	-5.985
-5.69104	-1.25494
-1.2194	-1.85399
-2.4941	-13.0219
-12.3239	-9.02644
-7.46595	-3.75677
-3.24027	-29.8043
-25.8857	-4.36443
-4.77202	-20.6697
-20.1742	4.66783
4.24379	1.40419
-2.60804	-2.48203
-4.03421	-7.12083
-6.74998	2.66415
2.11116	-7.83004
-5.79285	1.24862
-3.09426	-1.09094
-0.356077	-4.87784
-4.55954	-1.12925
-0.923985	-11.4407
-12.6416	1.80921
-1.022	-4.49685
-3.93659	-19.4841
-19.0447	-4.45366
-3.67847	-0.333243
0.215463	0.635597
1.29538	-8.4814
-8.75725	-1.68846
-1.82675	-11.1016
-1.67045	-1.02603
2.12882	0.519694
4.08324	-3.60654
-2.77654	-3.20492
-3.16386	-3.58511
-0.731058	-0.0372754
0.724976	-8.27882
-13.6262	-9.36635
-10.3416	-8.21594
-8.01747	-18.6304
-17.388	1.61201
-0.618814	-2.96526
-4.96083	-1.04812
2.94231	-5.33718
-5.29897	-9.43969
-6.12022	-0.588146
2.25054	-7.60077
-5.02828	4.25336
0.913929	-0.404912
-3.85343	-2.669
0.239757	-2.16809
-1.43832	-3.34179
-0.681038	-11.9171
-18.3714	-9.45469
-7.31976	-4.08065
-9.21236	-9.27995
-8.64159	-16.6913
-15.8739	1.62157
0.615249	-11.2024
-16.679	-2.59013
0.302481	-6.46208
-4.13257	1.62131
3.15665	-2.73297
-10.7134	-0.864605
2.56675	-1.57678
-3.80514	-3.3024
-0.478041	0.696372
1.09863	-3.1495
1.56659	-17.4118
-20.2626	-7.82909
-8.08051	1.76717
3.42628	-4.60605
-14.3119	-12.7441
-7.72987	-7.25978
-5.00078	-7.76962
-1.49484	3.47568
3.0588	8.45831
-4.24052	-2.27334
1.18372	4.38674
6.49289	2.3399
-21.8347	-7.35419
-11.4483	2.01663
3.64099	-11.9286
-5.07222	0.676226
2.7423	-2.80994
-0.22549	5.29794
3.22972	1.19839
6.46543	-1.49678
-2.40702	-2.61148
-0.121908	2.82556
4.70103	3.89771
-4.8029	-3.47918
0.179837	1.6444
-0.697832	-2.37636
-1.81407	-0.904089
-2.62049	-12.9757
-10.5004	-15.0549
-10.9614	7.21925
4.78932	-24.1133
-25.3548	-4.8653
-8.2538	-10.0788
-10.3567	14.7496
13.5019	-6.60543
-3.45592	-3.5767
-5.87824	-0.149569
5.16463	-6.37436
3.61288	1.7675
-1.76248	-5.84381
-3.83737	1.2271
-2.01736	-4.66507
-4.3301	-3.97515
-2.95334	-20.1242
-20.5378	-19.8393
-18.7745	0.566517
1.02225	-11.5505
-11.5983	-1.74321
-3.66719	-11.7429
-12.3048	-9.42927
-5.62283	-9.0566
-7.16331	1.75255
0.743101	3.13384
1.04161	-3.32974
-6.39618	-3.12208
-2.38724	-6.32865
-8.38652	-5.69484
-5.86281	-1.08719
-1.12066	-3.15449
-3.47429	-5.61736
-5.9795	-0.019024
-8.90296	2.49228
3.37227	-17.5546
-17.6641	-14.9713
-3.42166	-14.3007
-12.4798	0.41816
-4.64207	-10.6099
-7.34589	-13.5022
-8.81275	9.71773
7.45533	-1.94792
-4.88603	-1.0748
0.168515	-1.51673
-2.92725	-7.29895
-6.2148	-4.93578
-6.05833	1.25572
-2.71126	-3.40182
-5.42875	1.07987
-8.12319	1.41253
-9.54173	-8.46793
-14.3787	-5.41577
-5.02045	-1.38126
0.085485	2.38236
8.85322	-2.77158
-13.8893	5.14835
-2.74891	-4.62474
1.15555	-1.95188
-1.06938	-0.0773602
-0.611275	1.65701
1.28863	-4.31484
-4.82954	0.861347
0.563086	-4.68066
-3.9658	-15.3507
-13.6965	-18.6142
-16.4467	1.44756
1.52196	-12.6793
-11.1646	-6.29446
-4.51354	-2.02256
3.35221	-5.76151
-0.983374	-9.31447
-9.77877	-4.61176
-3.20209	-2.28249
-5.87845	-5.29192
-5.29214	6.20486
7.65032	-4.54343
-5.05559	-3.50284
-3.5949	-4.88533
-4.89255	-1.66191
-0.858524	-13.3914
-13.316	-2.27116
-0.855918	-9.48263
-9.63725	-24.0504
-23.4294	-4.41431
-5.41326	-12.0661
-11.2547	4.8727
4.18986	-1.10383
-6.85626	-2.93679
-5.25627	-6.22534
-3.40145	4.04535
-0.768576	2.09213
4.58828	-3.60272
-1.7928	-6.31519
-4.51567	-2.66155
-1.13186	-1.75954
-0.964882	-14.8703
-14.9506	-2.90656
-2.16286	-7.18152
-4.45745	-16.9963
-20.4121	-4.01605
-1.57675	-13.478
-15.488	7.68533
8.17502	-7.89886
-6.08847	-8.85289
-8.21868	3.97741
3.68312	-5.76173
-8.02536	2.81391
5.32265	3.34814
1.05036	-9.52607
-7.41768	0.838778
-1.19183	-3.34091
-2.22641	-5.26892
-4.85011	-14.0721
-13.4616	-15.3138
-14.5357	-11.4668
-11.1972	-1.35135
-1.66379	-16.1654
-14.7228	5.99788
5.61739	-0.872652
-4.36708	-13.9039
-13.6935	1.52795
6.61325	-2.72178
-4.37414	2.2105
2.14289	-3.47815
-4.09684	-4.0094
-0.937164	-1.38046
-1.50114	-0.398713
-0.293734	-14.0554
-14.0214	-11.6862
-9.85256	-1.69987
-3.03506	-25.6075
-22.3432	5.22288
7.41389	-8.47783
-9.02188	8.04457
7.02851	-5.08687
-7.61	-8.77747
-4.78594	-9.74079
-6.42118	1.64666
2.84051	3.51934
3.916	-10.6511
-7.02102	-3.98031
-2.30484	0.0419948
-3.14344	-3.8281
-2.04063	-23.3334
-20.2634	2.19776
-12.9143	-1.94236
-2.35641	-21.1493
-19.0846	1.42188
6.06053	4.66514
-6.9047	-5.83942
-9.71309	-8.44505
-6.47421	0.115274
1.1957	-7.20039
-7.40612	0.135063
-1.47489	1.42973
-0.218718	-8.25744
-5.7022	-1.21679
1.55543	-4.36112
-2.81627	-0.521047
-1.28317	-22.9238
-26.1663	-5.19434
-5.22292	-8.03683
-2.23223	2.4005
-5.96602	-9.47103
-6.12318	0.502189
-5.86057	-0.308944
-11.291	6.24892
7.8662	-2.27157
-8.28837	3.7831
0.388008	3.06536
0.0886291	3.14604
-1.23031	-0.646291
-11.4818	-7.87017
-8.8311	0.219794
-1.25432	-15.24
-15.73	-3.75897
-3.03106	-15.0836
-12.082	-3.27482
-4.79727	-1.80197
-1.8093	-9.99056
-9.61219	7.09819
9.02106	-2.59658
-4.99179	-1.96829
-1.7879	0.527885
-0.470789	-5.63815
-6.05525	0.67557
0.527844	-4.81401
-1.82498	-5.16884
-10.6734	-2.08055
-9.89033	4.13993
-8.29048	-9.82085
-11.0589	0.00648806
1.17574	-4.5091
-1.04224	-3.00711
-3.53018	-15.1876
-14.008	3.07015
3.78356	-13.8773
-12.3308	5.58258
-1.10991	5.73399
4.26552	-2.30157
-2.95564	-2.08459
-0.945861	-3.37059
-0.0312653	-2.14622
-2.04815	-10.8841
-15.7816	-7.33855
-9.67667	-1.25077
-4.16715	-11.9856
-23.5171	0.104509
-0.347607	-12.6978
-15.2616	4.04462
5.94857	-2.33355
-0.490081	-0.752218
-2.26609	-2.11781
1.34121	-3.07459
1.84384	4.72547
-1.09697	0.70271
1.4163	-7.30659
-8.20545	1.15124
-3.32972	-3.45022
-1.61463	-6.11039
-5.91486	0.389272
-0.597292	3.64545
0.622764	-9.57158
-11.5505	-6.35529
0.486693	1.30987
0.89995	-8.97635
-11.4085	-7.16899
-3.46297	-8.22027
-9.98108	-4.11754
-7.12756	8.25772
13.8018	-8.1724
-4.46092	4.19232
1.79184	-11.4451
-10.7331	-3.21192
-3.76388	-0.946874
-0.961546	-8.60953
-6.74782	-5.77789
-3.88195	0.826657
1.16524	-24.4869
-24.446	-13.3219
-11.1705	-10.5012
-10.0988	2.49963
-3.70364	-2.71817
-8.19741	2.66057
2.76313	-13.2113
-13.0346	3.28983
4.40403	0.396365
-0.217251	-7.00193
-2.79905	1.39911
-0.467012	-5.21669
-2.96168	2.6091
2.37733	-27.8462
-25.6665	-11.5721
-9.66649	-4.39794
-7.43148	-11.662
-17.494	6.34158
-2.23233	-9.91308
-10.7112	-11.1097
-13.3116	-5.97483
-5.62983	9.49462
9.27905	-6.37367
-6.63982	2.98535
0.417142	-9.08016
-11.1266	-2.49717
-4.84321	-1.70761
-1.16203	-2.4412
0.306686	-2.66191
1.79662	-6.34341
-6.4784	-3.00962
-2.94319	3.12663
-2.69171	-12.3441
-18.5436	-8.44143
-9.56104	-10.5915
-10.3631	-0.199509
-2.9073	-1.42266
3.76773	-7.72993
-2.87357	3.7021
-7.37179	-3.58155
-0.635492	0.0163781
-1.76395	-3.92759
-18.3674	-17.299
-19.1048	-0.244512
-1.32827	-22.674
-23.9115	1.93642
-2.72293	-0.508882
-3.39513	-11.7962
-11.3525	4.60032
2.44335	-5.85507
-1.39549	0.072367
-8.37738	2.7576
-0.130874	0.842037
1.75996	3.19028
-3.81752	3.12357
0.361753	-1.49074
-5.73526	-1.86118
-0.868387	-13.3979
-12.1356	-5.14236
-3.57479	-9.50156
-8.15009	-19.4659
-16.4722	-7.48316
-7.50824	-7.56954
-10.4043	-14.4436
-4.17989	-0.808113
1.52708	-4.7145
-1.7238	-11.6457
-14.1905	0.91777
6.27902	3.99221
4.69127	-6.91044
-1.91364	-4.3792
-0.293265	-4.6562
0.202035	-3.16147
0.481398	-31.4382
-29.625	-4.68294
-9.54179	-0.657407
-11.1902	-10.6899
-16.3289	-3.18893
-7.18503	-7.86233
-9.84029	2.73168
1.00576	-3.82867
-1.73233	-0.271984
-0.47932	-5.26807
-6.91901	-8.38996
1.28265	-2.58625
-5.5372	-2.75008
-2.0219	-4.98816
-5.15186	0.947877
-1.28816	-5.10234
-5.1036	-16.7107
-15.7279	-17.6938
-18.888	-2.89196
-3.36886	-15.3327
-15.7735	1.51031
1.77335	-2.16037
-3.36849	8.99801
5.13225	-4.79868
-1.76217	-7.68225
-8.57395	5.56407
2.74433	-5.25467
-4.80461	6.12046
-2.1003	-3.02817
-2.31402	-3.44273
-2.94683	-1.16894
-3.00522	0.891238
-3.46512	-6.75856
-8.06176	-11.0424
-12.4516	2.89275
1.60587	-18.1847
-18.4862	-9.76832
-9.49904	-3.62044
-4.17592	7.5158
4.10346	-11.1517
-10.5427	3.96413
-0.915475	-8.01442
-4.58282	-8.39339
-5.32755	5.43428
-4.07548	-2.17369
-5.8642	0.0036304
-0.674144	-1.60071
-2.57748	-2.21388
-2.56045	-13.9808
-9.62696	-1.26583
1.36036	1.59129
3.15255	-20.18
-18.7954	-16.4342
-6.1787	-8.79541
-11.721	-0.404502
-1.33516	-1.44255
0.877008	-7.32566
1.12742	5.26284
-3.01112	-3.90745
-4.18188	0.748743
3.08878	-6.06662
-6.66474	-1.46533
-2.54838	-4.72267
-5.06605	-0.908043
-0.278994	-14.9352
-16.0064	-6.13192
-5.45809	-8.38819
-12.812	-20.1297
-23.7975	-1.61373
-4.07438	-6.17121
-0.842764	0.438682
3.49457	-2.44475
-0.196384	-16.169
-4.30938	-6.56353
-4.19858	-3.1576
1.39104	-0.797562
-4.76716	-1.25796
-2.17989	-4.78868
-4.14431	-3.49183
-2.35418	-2.06925
-1.80371	-17.7189
-14.4439	2.54465
2.5272	-12.2817
-11.4964	-15.9295
-14.9589	-2.38488
-2.28037	-17.9822
-18.2298	7.83489
3.14369	-3.64215
3.33876	-12.3456
-13.0776	8.36423
6.58882	-4.79824
-5.35991	6.00054
5.41818	0.415273
-1.04511	-7.09517
-7.54924	-1.65469
-2.99311	-0.648921
-1.3453	-10.9661
-11.2427	-5.05668
-12.9364	1.02001
-0.55845	-12.8791
-13.7579	-1.40893
0.619486	-5.96101
-6.59376	-6.23104
-4.38187	-6.27587
-3.87741	-2.63088
-5.40877	-3.54565
-3.48932	2.93603
3.78327	-3.31923
-3.12241	1.40222
2.05104	-2.21513
-3.01417	-4.04808
-5.19651	-2.80557
-2.74432	-14.2909
-13.7075	-10.762
-11.7791	-4.04541
-1.63683	-23.1048
-21.2894	-8.63773
-13.7782	-5.67447
-10.7926	0.697178
0.767896	0.430031
-0.763162	-4.29044
-0.748385	2.78063
-6.43557	2.61372
0.904079	-3.40738
3.35667	-3.19814
-5.72876	-0.183924
-1.00228	-3.99413
-4.12956	-3.82901
-4.03637	-11.9546
-12.1574	-8.57142
-8.034	-2.45772
-1.93059	-16.2671
-16.9652	-6.1847
-5.81056	-9.41331
-7.99749	-7.33489
-6.50218	-7.21197
-9.52123	-2.5322
0.0653495	0.881155
1.15404	3.8883
4.6331	-2.77103
-0.720435	-2.05802
-6.12856	-3.57984
-4.17176	-5.71851
-3.93306	-2.12541
-3.36652	-5.44337
-5.00899	-0.575473
1.616	5.85643
7.60812	-8.4977
-12.7531	-6.41213
-5.54718	-5.46083
-13.4806	-10.7191
-8.70578	-5.84809
-1.54873	-5.81667
-2.26471	-8.85157
-7.5253	-10.0664
-9.7354	1.99714
2.07288	-4.16242
-2.45018	1.20024
-1.52501	-0.712379
-2.74306	-1.83143
-3.23846	-11.7042
-11.8227	-7.59905
-9.77032	-3.7214
-3.45256	-17.7614
-16.5902	0.941865
1.93994	-5.70339
-5.70433	-4.64366
-7.90798	-14.9037
-13.44	4.22675
5.8889	-4.23586
-3.86428	3.70792
3.55949	-5.31459
-6.17054	-5.24585
-5.82705	0.562254
1.35771	-1.01889
-0.272076	-2.44055
-1.34697	-15.1439
-14.4559	-6.66179
-4.46376	-5.63099
-3.82663	-16.2189
-21.0102	-2.10096
-1.99093	-13.6514
-12.923	2.86215
4.14978	-5.81008
-2.1911	-9.99388
-8.10747	6.39808
2.242	-2.81989
-8.4803	1.02093
-0.955138	-4.27654
0.0685995	1.78112
4.4897	-1.84899
-3.66404	1.25904
-4.67507	-4.02199
-3.21729	-17.1785
-16.4938	-7.89628
-5.26246	-13.4765
-14.0702	-8.16384
-5.44111	-10.087
-7.99243	4.42446
-4.07456	-4.89106
-6.45395	-11.2649
-8.14014	-5.96561
4.00497	3.79908
-5.07132	-5.36946
-1.33489	1.55746
-3.25244	-2.86958
-1.64613	0.321501
-2.79085	0.689058
1.29401	-23.6222
-17.6847	-13.4364
-5.91236	6.0217
-8.22692	-9.82446
-7.60871	-8.76847
-8.76832	1.19073
4.14795	4.69735
3.61317	-12.2472
-6.8726	8.6456
-2.29918	-6.62041
-7.94348	-1.18182
-1.47175	3.50862
-5.23551	-3.08105
-6.03369	-2.7909
-3.43403	-3.27972
-0.318202	-2.72231
1.14612	-11.7744
-13.0057	-12.0247
-13.1202	8.45044
8.55084	-1.18411
-1.40171	-2.31522
-4.01209	-0.329762
-2.14144	-6.18094
-3.08784	8.29819
-21.3771	-9.71078
-11.6317	5.77391
5.57234	-8.56789
-6.59788	1.2691
9.58084	2.85743
-3.21107	1.87596
3.39792	2.67725
-5.27923	-6.26431
0.129426	1.56267
5.51243	1.8986
1.68782	3.83818
-3.59312	-5.67816
1.87076	-0.433302
-0.339825	-2.01421
3.78244	2.90059
-0.280455	-22.9739
-23.3749	-12.6119
-9.53663	-16.1785
-14.4397	-11.1101
-5.16534	-9.86322
-7.23314	-2.00646
-8.58253	-1.91594
6.23392	-4.83579
-6.94713	-7.84553
-4.50642	1.1444
3.44821	-5.62128
-3.72164	-6.03019
-1.8848	-1.69538
-2.7846	0.69374
1.56137	-7.35902
-3.11094	-0.396244
-2.79912	-23.1409
-18.5912	-2.88939
-1.90825	-2.21949
-8.43598	-19.6845
-23.0814	-0.765651
-1.62189	-16.4024
-17.2405	0.96544
2.13562	-2.16245
-1.37494	-6.96807
-3.84317	-7.66908
1.06208	-8.5049
-9.1156	1.54753
1.17029	-8.21012
-7.61099	-7.91979
-11.4596	-3.71528
-2.13542	-4.08334
-3.81875	-14.5939
-14.8612	-6.75036
-3.26354	-4.68676
-4.8809	-22.4524
-23.1622	0.788887
3.49409	-1.64883
-0.477814	-1.98918
-2.78676	-12.8433
-10.4208	1.40802
2.43321	-13.7144
-13.5731	0.619914
-0.897801	3.44662
8.40498	-5.2945
-2.78065	-7.78756
-2.9472	-4.85499
-0.557494	-4.46379
-4.37906	-18.8904
-16.0259	5.06479
6.03761	-5.88999
-4.77895	-10.9691
-13.2833	-6.7434
-4.55955	-5.46982
-5.13689	-0.124316
-0.32751	-11.6321
-15.5838	-2.17284
2.27867	2.08303
1.79903	0.142537
2.11181	-2.14441
-3.39222	-4.81801
-2.94512	-2.41245
-5.48213	2.03835
0.0330669	-2.26853
-5.54305	-16.7974
-18.3938	-8.15792
-7.90991	-6.04301
-4.58168	-18.8853
-20.8493	2.81162
2.40859	-9.36961
-11.5228	-2.06956
1.06339	-2.00092
-1.38871	-10.9931
-11.0906	-2.22667
-3.63589	1.92123
3.41633	-0.679952
-2.89435	-1.00543
-2.25162	-1.66087
-2.64313	-1.93151
-1.35905	2.13525
-1.12586	-12.1455
-14.3768	-6.44436
-7.43609	3.94633
-2.82688	-4.7967
-17.6025	-1.31084
5.4635	-2.98951
-3.42561	-3.28722
-7.39616	-14.7781
-14.9848	3.01724
2.68671	-5.08321
-5.12954	0.983621
3.09299	0.0101134
-2.38069	-4.77625
-4.44593	0.480336
-0.709567	-5.3276
-4.73595	-0.763589
-1.58687	-11.8132
-12.7689	-1.23846
0.781096	-14.2038
-12.9054	-14.9087
-12.1933	-7.56439
-6.95725	-13.3467
-16.664	6.17863
-0.904443	1.4858
-0.142536	-7.52452
-7.93263	-3.42819
-1.54296	-5.62286
-6.10671	0.237487
-0.0658121	-0.455432
1.82753	-2.01776
-3.01999	-1.13675
-2.51444	0.236048
-2.36307	-11.4372
-13.386	-11.9411
-12.3578	-3.64462
1.48671	-20.1487
-26.6125	-10.4479
-10.8251	-12.7154
-11.9138	0.800397
2.19847	-16.8455
-16.487	-15.9919
-15.6383	-6.03157
-5.01346	-5.94658
-3.91853	4.50136
4.19082	9.85709
7.02018	3.58906
1.35442	-7.30824
-4.94002	-2.4579
-2.54607	-19.4546
-18.3958	-8.8541
-10.962	0.60445
3.67712	-7.50795
-11.4452	-9.01655
-10.7851	-8.88396
-5.19212	-2.11339
4.06357	3.15921
-0.568074	3.98405
8.10861	6.81485
2.4948	4.93247
-0.450814	-1.95952
-15.744	-2.51956
-0.937224	-12.1467
-11.4983	-19.746
-20.3026	-1.86023
-4.66074	-11.8592
-11.9366	-2.55512
-3.73316	-2.07502
-0.207934	-2.58688
-4.95613	-5.48836
-8.18744	2.14352
-2.13896	-0.0497986
-3.78687	-1.42059
-6.96171	-2.82224
-4.52921	-4.00096
-3.30389	-0.471648
-0.338634	-14.2609
-10.2094	-6.27325
-7.8647	-5.512
-7.07755	-22.3766
-22.3807	3.95563
3.10391	-3.59136
-5.70082	-4.30035
-2.68562	2.74116
-2.99805	-10.4665
-8.64715	-3.23231
0.188282	4.77364
2.99774	6.77881
4.04458	-4.64571
-2.07172	1.05795
-2.85486	-6.60753
-5.84235	-1.52221
-4.76828	-15.5454
-12.3594	-8.30734
-6.76272	1.08697
0.102997	-33.1354
-30.1681	-1.3815
-9.60949	-8.51477
-12.6289	-9.37687
-5.51911	-1.31997
1.16932	-0.589871
-6.40602	-2.50268
-0.711773	-0.0449617
-1.77744	-4.0278
-10.3757	4.65905
0.78797	-1.79943
-7.35481	-0.0412693
-4.19034	-0.416289
-1.98508	-12.2007
-14.5468	-7.55693
-8.86303	-11.017
-9.2237	-20.0069
-16.3084	-16.2401
-18.3143	-11.0309
-10.8853	0.219567
-5.05614	-3.62444
-7.83447	-4.19391
-4.08797	5.515
6.43398	-0.308889
0.846766	-5.15905
-5.21454	-6.10096
-1.66324	-3.2275
-0.229436	-2.27228
-1.40667	-3.2466
-0.64156	-16.4579
-17.3717	-7.23541
-5.63145	-9.0486
-8.5595	-24.0877
-24.1766	-4.23463
-1.46686	-11.581
-14.8598	-5.61616
-4.52852	5.20427
4.91266	-9.09216
-6.15136	0.185424
-1.82401	-3.43967
-2.66822	-1.55148
-1.27686	1.43682
1.70044	-3.74309
-2.55884	-5.46162
-4.28458	0.52949
0.956549	-17.1968
-17.6338	-11.2186
-9.99385	-7.80774
-8.06325	-17.9972
-18.8136	0.476963
-1.21531	1.32256
-3.61015	-9.43834
-7.09193	-0.655239
-2.15325	-2.50712
-7.51953	-5.92968
-3.20008	1.584
-1.55697	-6.80063
1.18537	-5.47822
-9.33367	-4.28108
0.0660408	2.84209
-2.23595	0.215782
-1.77927	-23.8225
-20.2769	-4.16235
-2.92905	-7.25833
-9.57795	-17.46
-16.74	-2.69172
-0.283436	-0.841306
0.196946	-7.83121
-7.75002	-8.79621
-8.89171	-0.712818
1.84849	-12.6202
-8.82327	4.1349
0.659706	0.771404
2.75707	-5.53989
-8.7822	-1.50376
6.04265	-3.18464
-1.03915	1.9399
-0.107554	-23.8041
-24.1026	-7.12673
-5.87654	-4.25075
-9.00824	-6.8004
-7.25895	-3.46666
-4.02162	-2.94449
-1.03821	-7.94884
-11.7988	-0.293893
5.5103	-4.43763
1.5929	1.84785
8.78579	-0.898176
-2.34473	-4.56501
-2.64081	1.41054
-2.2627	-1.16844
1.10643	-0.949499
1.08259	1.83357
-21.2515	-18.857
-13.9482	2.21848
3.10788	-2.68403
-1.80684	-0.311806
-3.17857	-6.81873
-8.39327	-0.827757
3.88472	-18.9621
-14.232	-1.02692
0.311537	-4.02331
-2.18106	0.478607
-3.09564	0.14853
-3.46783	1.79292
-6.68997	-4.90015
-1.92044	-1.47636
-2.58508	-3.60425
2.65337	-26.3992
-26.1118	-9.76055
-8.94393	-0.656563
-3.2956	-7.16894
-10.1024	6.6227
-2.48073	-0.356164
-2.34294	-2.54182
-1.39466	-17.0025
-16.7967	3.70256
4.76499	-8.16843
-9.51921	-4.72489
-2.72732	1.94722
1.67208	-0.905467
-0.412361	-4.37587
-2.85811	-2.88469
-2.57257	-3.71771
-3.48355	-16.679
-18.1174	-11.8513
-11.4785	-10.6363
-11.4217	-22.0315
-23.984	1.3074
0.450814	-2.6255
-4.9462	-4.45805
-4.83887	-1.07842
-1.6462	5.8692
-1.05519	-7.70382
-15.8152	-6.90938
-5.3198	0.22751
-6.88532	-5.29123
-2.69328	-2.64422
-1.55965	-4.1488
-5.23538	-1.56973
-2.75161	-8.78324
-11.1354	-13.3335
-11.8156	-1.6263
0.381278	-21.9621
-14.8636	-10.8341
-7.79849	-6.94244
-7.05922	0.802174
-0.848008	-6.87956
1.25443	3.28392
-1.23595	-6.27675
-14.0555	-1.6534
0.838405	5.50035
5.70164	-6.04628
-5.76686	-0.88149
-1.22838	-4.50427
-5.75619	-3.56363
-4.73066	-15.5397
-11.5077	-6.49075
-5.04455	2.63463
4.31896	-24.2696
-25.6171	-10.0276
-10.477	-13.6697
-14.4103	4.17757
2.36458	-10.4869
-12.9374	-1.45413
0.74047	6.14523
8.45409	-4.50925
-7.89139	3.1096
0.218981	-1.46971
-1.64522	-10.5138
-9.73599	-1.22797
-1.12064	-3.13363
0.0943369	-15.4537
-24.6842	-1.41384
-3.11069	-3.6648
-11.2465	-10.8497
-6.4533	-8.33088
-12.7118	0.190802
-1.80469	-6.57351
1.43376	-1.73395
-5.31941	0.547971
-4.43313	-3.6738
-5.73559	-3.66175
1.30483	0.703619
3.25371	-2.32184
-1.4569	-3.69195
-3.0582	0.102468
0.199274	0.273227
1.10738	-7.16952
-9.50483	-1.53836
-4.50564	9.3542
6.91984	-8.63476
-11.745	-8.86981
-4.90262	-6.12011
-12.1621	-7.53906
-5.15453	-11.485
2.37198	5.59391
-0.672643	-4.44739
-6.05756	-1.8766
0.616004	-4.10388
-3.15793	2.33439
2.07129	-4.28223
-5.54171	-6.13259
-6.54239	-1.96221
-0.178028	-6.41274
-4.15136	-9.20576
-7.52189	-8.81758
-9.81991	-14.8766
-16.1901	3.08395
-0.572019	-5.99501
-6.95804	-3.75935
-0.073141	15.8192
2.22682	-16.6396
-16.4684	2.04091
3.96084	-3.26329
-2.80775	5.01883
6.65706	-4.64447
-6.40862	2.50697
1.38602	-2.16537
-0.702043	-0.882596
0.186974	-10.1252
-6.58014	-1.66842
-0.264822	0.72786
-0.620858	-22.1635
-20.4699	-12.138
-9.32119	-7.72099
-9.75373	1.32946
-1.93977	2.2642
2.84006	-6.53565
1.76552	-0.042826
-1.78224	-4.33069
-2.67281	5.43579
6.95138	-4.50714
-3.34541	0.968726
-1.91195	-6.44622
-0.597685	-1.36111
0.335834	-26.1823
-26.4397	-7.32815
-7.36201	-4.96356
-0.0931851	-0.300506
-6.40367	-6.94558
-5.36032	-1.15179
-6.04777	-15.2166
-5.41479	0.887322
4.9571	6.2467
5.19255	0.468438
4.46062	5.2807
3.94665	-2.04249
-18.8403	-8.51409
-14.4124	5.47096
10.5701	-2.70583
-4.72439	2.5457
1.95788	2.68715
-3.41059	0.330733
-0.00950102	2.03921
0.243403	2.25428
8.23486	4.61397
0.66841	4.7412
7.89607	3.28246
-4.16449	-5.67078
-1.52168	1.277
1.73718	-6.22528
-2.62156	-0.443606
0.689536	-26.6103
-24.599	-9.52275
-10.8485	-3.6572
-2.40036	-4.29187
-7.85446	5.80489
-2.07471	0.00530887
-1.21711	-0.626815
-2.30828	-9.78526
0.0406384	-0.444651
-4.80899	-9.23694
-9.9411	2.07636
4.78225	-7.12761
-4.73047	-1.63692
2.31912	-9.77147
-11.8659	1.45354
-0.164987	-3.55852
-3.22488	-10.5841
-10.4512	-4.0946
-3.69208	0.957604
2.50403	-28.8786
-30.8862	-3.30442
-3.10151	-16.6099
-18.6812	4.14864
1.13702	5.28558
-4.6717	-2.69195
-1.44308	-6.54355
-9.67399	5.43971
5.0709	-7.59275
-9.1477	1.09392
-0.969004	0.720094
-0.398083	-4.66436
-7.21594	-3.50079
-0.472467	-17.695
-25.0818	-2.10213
0.980358	-5.52434
-2.49506	-9.03664
-9.97614	-9.97297
2.74518	9.62737
1.98653	3.29185
3.27191	4.97465
-1.99244	2.66361
-0.408672	-0.278254
5.82834	-2.09055
-4.27403	4.4052
-1.19897	-1.36281
1.29919	-3.67123
-7.43746	-2.81825
-1.84073	-5.85058
-6.42033	-13.5832
-12.6897	-5.90879
-0.78069	-4.06443
-6.39275	-5.20219
-8.87741	-13.4376
-17.1503	4.75801
2.77631	-2.60078
-1.28325	-7.2459
-10.8743	-3.21612
-2.96493	-0.784959
1.79456	-1.01401
-6.42499	0.665482
4.99551	-0.0630954
2.18724	-5.04726
-4.46734	-4.0429
-2.44819	0.75383
0.506437	-7.30747
-6.64177	-2.15117
-0.908766	-1.64307
2.6187	-23.3374
-16.2288	-11.6314
-7.18641	-3.09443
-1.07644	3.83525
5.62902	-13.463
-13.9766	-0.0165954
1.2616	-6.32011
-4.5605	-4.82333
-7.07758	3.75964
0.67989	-2.3912
-5.38571	-0.719986
-1.52197	-2.07029
-3.86445	0.379683
0.869503	-12.9544
-13.1673	-14.1029
-14.4786	-2.40731
-3.96611	-4.9144
-6.58684	-2.98625
-4.06885	-5.27192
-5.32602	-12.4789
-11.6735	-1.4263
-2.33152	7.49056
5.97337	-2.96321
-0.748124	-3.11701
-0.0739753	1.58349
-3.64474	1.08491
-2.3571	1.19452
0.848304	-5.10286
-0.812282	1.71915
0.606959	-10.5843
-12.7196	-5.41115
-6.407	-0.814753
-3.89281	-3.46754
-1.43326	-14.588
-17.7671	-2.39284
-8.57018	-10.4947
-13.2954	-8.7597
-6.90168	1.442
0.691814	-0.738721
-1.47487	-0.620388
-1.17473	-1.84162
3.99388	-4.01712
-5.32092	0.7121
3.12536	-3.42689
0.465892	0.413181
0.302739	-18.8244
-19.2255	-7.35784
-7.11808	1.68454
3.61731	-2.56457
-6.50738	-0.309775
-2.59317	1.3741
-0.67806	-1.69449
-2.98749	-2.30501
-5.6049	-3.39202
-4.76424	-6.40404
1.64651	4.29468
-2.32765	-9.63658
-2.81591	-0.366782
6.89966	2.82738
-1.49574	2.35177
1.80909	2.01458
-0.69329	-22.1677
-23.9313	-11.3756
-19.6338	-10.4123
-9.59961	3.14539
3.30328	-10.3711
-7.94163	-2.60592
-8.70261	-6.45594
-5.64248	-4.06239
-4.81377	1.77712
-2.09715	-6.50249
-6.74757	1.33782
-0.0147091	-4.20448
-11.7202	-3.11181
-3.89185	0.0190211
-3.47174	-5.73426
-5.84063	-3.92133
-5.14143	-0.863087
0.065085	-12.7431
-10.7179	-0.157201
-3.93451	4.75213
-1.46413	-17.615
-15.9372	-6.82423
-7.32175	-9.93662
-10.0162	-6.5862
-4.85772	-11.2536
-11.3237	3.31023
-1.22923	1.9538
5.1268	-5.69511
-4.22394	-2.91912
-3.67543	-6.02194
-6.08053	-7.32886
-11.0688	0.289059
-2.29047	-0.720569
-0.310397	-8.45353
-6.59123	-1.18566
2.10521	-0.887922
1.86879	-18.648
-13.0492	-11.5032
-9.65693	-13.542
-11.6783	-4.07141
-10.2688	-8.39829
5.00478	-10.7712
-10.3259	-5.84726
-1.73145	-5.16978
-7.90591	-5.99792
-6.3291	-3.70013
-2.57564	-10.7156
-8.72595	-3.13147
-2.80573	0.0686384
-0.115209	-9.07411
-7.62856	-1.92126
-0.558603	-2.27375
-0.195685	-23.1345
-21.1962	-16.3363
-12.3255	-10.0131
-13.9479	-4.34518
-1.93358	-6.77396
-8.74432	-0.686255
-4.04604	-10.4882
-5.93337	-0.20403
-2.692	3.44838
5.03488	-3.33725
-5.46106	-6.27008
-5.57808	-0.960581
-4.58979	-3.16087
-2.63315	-20.7316
-25.2666	-6.63178
-3.93854	1.79633
2.06686	-6.40572
-3.22712	-10.8491
-12.4514	4.3697
-0.342365	-7.33371
-10.0516	0.303485
-4.53588	-4.6501
-17.7413	0.59182
3.08201	-2.89101
-1.23129	4.72203
6.83288	-1.50585
-0.79465	-11.3422
-11.191	-2.17738
-2.96643	-2.66461
-0.967295	-9.53979
-10.9291	-5.59895
-5.19818	-3.69223
-2.53151	-16.2959
-14.8369	-4.99373
-5.06935	-3.99832
-6.77591	0.527656
-0.768589	-4.4931
-6.93537	-1.69177
-2.61572	-2.82811
-2.98341	-3.34453
-4.07947	3.20234
1.97524	2.58552
2.36136	-5.20922
-6.0098	-2.63754
-3.54202	-1.69776
-1.9254	-11.8329
-11.7269	-13.6311
-14.209	-0.837868
-0.471838	-16.9381
-16.2851	-5.06922
-7.19974	-8.32729
-7.50689	7.07855
5.86244	-3.07323
-3.61318	-10.4377
-10.8112	-1.46659
1.0361	1.98661
1.22938	-2.87436
-2.52025	2.45883
-0.859487	-8.1948
-6.00608	-3.81716
-3.78171	-2.4189
-2.13487	-15.7057
-15.8429	-21.9781
-20.8624	1.44112
-1.29879	-15.9136
-16.0037	-0.041011
0.183027	-7.22892
-9.95989	-3.98382
-0.839908	-10.039
-7.19858	-6.98554
-7.34907	-3.30621
-2.04867	2.892
0.191719	-1.47514
-1.42963	0.885413
2.26839	-4.20282
-6.21429	-3.39382
-3.6581	-4.84922
-2.69638	-11.3351
-11.531	-15.6271
-16.0788	-2.92148
-3.85901	-17.3326
-17.5263	-2.18684
-3.72366	-1.17548
0.0566776	2.86698
-2.88297	-9.65546
-14.1625	1.28182
-5.45041	-13.3045
-17.4736	0.673287
-3.10637	2.64969
1.63512	-0.872531
-0.0408535	-5.26716
-0.943196	-0.363851
0.551046	-3.37999
-0.877613	-26.4435
-27.6536	-12.1885
-14.1375	-6.19305
1.97077	-7.33494
-14.9737	-3.8812
-4.03874	-9.43321
-11.6733	8.87701
7.71592	-2.86064
-0.00656483	-13.15
-7.35359	-2.30096
-0.0144332	-2.41662
0.247487	-8.17455
-5.4231	3.73724
1.3892	-3.50585
-6.67102	-7.39631
-0.842556	-2.79841
-3.1974	-6.60658
-6.89324	-2.35771
-5.49497	3.00083
-0.690289	-25.3731
-13.5927	-0.347362
0.882075	-9.82604
-21.0435	10.1714
3.18894	-14.0161
-12.9139	5.97058
5.35812	8.70055
9.2651	-7.96342
-4.07708	-6.64073
-5.78945	-0.785243
-0.422689	-1.00984
0.779785	-4.15111
-3.03603	-0.289658
0.894581	-16.6426
-16.3253	-11.0904
-7.07413	5.3464
-0.112887	-9.80483
-10.6135	-2.52959
-1.84827	-6.76193
-4.45163	-5.24822
-7.35163	-1.7393
-20.9207	-6.38831
-11.1378	-1.93654
2.4107	-9.32735
-9.88954	-6.20824
0.0619418	-14.7421
0.254588	0.951467
-2.70942	1.50568
-1.24776	-0.854587
3.89332	-2.44534
-4.09418	-1.24496
5.66019	-0.117944
1.94827	-1.99297
3.07303	2.10436
-2.68018	2.52186
1.51886	0.820543
0.414363	-18.9542
-11.9183	-20.0665
-19.3905	-1.69258
0.400892	-2.34028
-2.8923	-1.77518
-3.91677	-9.64539
-7.45599	-0.854327
3.45285	-16.9376
-13.42	-3.22138
0.427946	6.4379
2.13161	-5.89263
4.47865	-0.43595
4.17645	-0.166002
-1.42248	-1.51325
-1.62698	-2.36189
-1.62011	-1.52291
-2.3149	-12.9611
-14.6712	-7.50687
-7.25373	-11.3205
-6.66921	-11.1376
-4.42809	-13.4649
-13.1692	7.60708
7.71119	-0.0990741
-3.22936	-9.55171
2.24449	5.33125
-5.79812	-4.29579
-0.239046	0.122723
-3.0508	-3.13539
-1.49414	3.64806
-2.97151	-0.972706
1.02558	1.31499
0.613017	-1.94861
-0.164086	-8.09358
-13.1858	-17.5507
-16.4642	-5.8854
-0.833971	-16.812
-12.5097	-10.2212
-13.3655	-1.07169
1.16226	-9.60441
-7.68731	-8.85923
-7.98951	-0.0637922
5.28199	0.512693
-5.92396	-2.13328
3.60474	-0.49945
-0.276077	-2.7427
-3.21212	-2.61488
-2.61319	-1.40851
-0.427028	-1.05477
-1.96555	-12.4947
-10.4563	-8.31764
-9.11583	6.80044
6.62082	-21.4643
-18.3473	-9.34407
-9.29601	-8.37591
-4.83404	-8.38078
-11.308	-11.3843
-8.37978	2.15702
1.68831	-7.23835
-9.65293	9.35327
9.61472	-3.61749
-8.2418	-0.0280833
-1.92142	-3.85525
-1.76897	-4.87236
-5.25125	0.57676
-4.29544	-14.714
-11.1494	2.09427
-2.79837	-5.3944
-9.4873	-18.8302
-17.5499	-11.9923
-11.5548	-1.37521
3.56923	-9.54556
-5.49006	-1.63051
-1.04062	0.748256
-7.71853	4.49473
-0.530829	-2.02943
-5.1308	-1.1955
1.211	-1.33701
-0.758456	-7.87397
-3.13538	-1.95927
-2.43918	-1.15217
0.0761514	-11.2428
-12.9487	-8.67432
-10.9839	-1.99657
-2.25124	-13.9438
-14.5324	-5.80535
-7.82086	-5.7816
-9.08957	1.51585
7.55022	0.0924372
0.532779	0.362194
-9.08718	9.1683
-0.508343	-2.5549
0.0790124	-1.31491
1.91357	-5.16286
-4.72618	-1.80057
-3.81504	-4.22047
-5.00247	-2.27604
-1.57436	-14.5304
-9.90121	-13.1296
-5.64425	-1.64664
-1.51725	-16.4245
-13.1938	-8.27534
-3.29103	-8.65313
1.48022	0.959369
0.513245	-10.7027
-1.5225	-8.24023
-12.449	0.277833
-0.421882	-3.41234
-1.1349	-4.88637
-3.63982	-4.77965
1.60378	-0.329583
-2.35607	-2.49876
-5.5168	-2.6681
-1.31374	-12.2162
-11.8858	-6.63655
-4.19362	-8.77127
-7.4617	-5.9963
-5.79046	-9.54148
-5.63752	-6.34906
-5.58818	-1.43572
2.46986	-9.13823
-9.83719	-2.60256
-0.272387	-3.11771
-3.86872	-9.10976
-9.24	4.40373
1.18894	-6.16174
-6.53428	0.5595
-0.598221	-2.27143
-1.64415	0.690623
-0.938725	-8.9993
-8.35647	-6.91627
-6.6353	3.23521
3.5834	-17.36
-13.0237	-14.9379
-14.97	-3.50502
-7.76457	-10.7648
-0.711763	-1.63501
5.27766	-0.507456
4.79454	-9.01983
-10.5977	-4.099
0.279333	3.44706
-0.466577	-3.59698
-4.98018	-0.680229
-4.14345	-2.58003
-2.69366	-3.05727
-0.157163	-6.46759
-10.0718	-3.83881
-5.52402	2.04026
-0.410658	-2.79374
-11.1693	-1.09851
-2.69203	-0.634204
2.05094	8.85697
6.25719	-19.8424
-9.79949	4.02141
1.80618	-1.61743
-9.433	-4.8565
-4.51565	6.83745
2.01801	-6.75774
-8.71141	1.78916
-0.23203	-2.00261
-4.53706	-0.346715
-0.497476	-12.1181
-12.8918	-3.90792
-7.70727	-7.71836
-7.24249	-15.9328
-15.0227	0.793784
2.18941	-2.06202
-7.64048	-1.41995
-3.77103	-9.93011
-7.47086	0.724596
-1.19941	-4.61799
0.432554	-4.43777
-8.65822	4.97289
2.56846	-2.1103
-4.26907	0.0453661
-0.665608	-2.51392
-2.05942	2.4689
4.10526	-5.60491
-9.64763	1.513
2.07516	9.97897
-0.764136	-12.5445
-5.57347	-14.2109
-15.6964	-7.04685
-5.21221	-8.969
-0.816056	3.93291
-5.40613	-8.1596
-4.68946	-6.20395
-3.8965	0.848057
0.840889	11.1825
11.1773	-4.00073
-0.231394	-2.85659
-1.01945	2.77499
3.47352	0.961791
-1.38984	-18.9665
-19.4257	-10.4483
-13.3002	1.23142
-2.26197	-9.37254
-10.5228	-6.3309
-0.466326	-0.210823
-4.37568	-0.420314
-5.82161	3.84849
10.73	8.30587
-20.6647	-12.0836
-8.94055	4.73882
0.348659	-0.949555
-8.58	-6.65159
-5.8072	-4.40153
2.98749	4.81959
-9.94364	-1.83773
-3.80115	-2.67686
-3.18832	4.11384
0.151662	1.0383
2.27921	0.496894
-7.59107	-5.49336
-5.17409	-2.57422
-4.45797	-0.929704
-1.00147	-1.94905
-1.28284	-9.22662
-8.28527	-7.42256
-8.51761	-7.33242
-6.65242	-14.7224
-20.9276	-9.31364
-4.45175	-12.8703
-15.3097	5.54196
1.45013	-2.79248
-7.34215	-7.40527
-11.0248	1.43346
3.85498	-4.14098
-1.96842	-4.47151
-2.69717	2.28139
3.28116	-5.5872
-7.10078	-4.0141
1.39639	-1.90431
1.90127	-20.8761
-19.1813	-9.44155
-11.4421	4.06967
-5.12931	-9.06764
-10.3352	-0.421062
3.62892	-2.90903
-1.16214	-12.2042
-7.09999	-2.39683
-4.18579	-3.53278
4.99218	-8.03704
-8.66546	-3.89257
-5.89376	4.73438
4.16041	-3.89793
-5.00025	-1.60112
-4.96965	0.971594
-8.85469	-3.29511
3.16366	-28.6087
-28.4116	-2.92329
-4.74694	-2.69295
-5.6102	-14.3756
-10.5494	-3.22641
-2.43304	-2.25369
-6.60988	-0.685941
-2.07039	-2.30178
-1.17588	-4.25056
-2.18412	-4.80315
-2.08309	2.23761
-0.451467	-2.10292
-0.0203417	-4.73509
-5.76341	-14.9783
-13.1918	-0.43714
-2.20071	-0.161593
-0.829675	-7.84738
-6.45404	-5.78821
-2.66807	2.4
-4.62768	-11.3676
-1.53687	-13.3787
-12.1599	-7.87798
-13.6992	-5.96654
-2.78737	-1.08533
-0.263032	-3.30848
-6.17425	2.81316
-0.427618	-9.80843
-6.12602	0.0644662
2.91052	-4.27681
-3.99345	-2.87956
-3.8666	-3.5709
-3.37118	-2.52829
-3.54021	-11.3645
-11.4964	-12.2764
-9.96186	6.91623
7.41168	-24.5349
-22.9637	-13.1247
-11.4899	-16.4329
-17.8107	8.24853
4.87628	-2.01154
-1.99505	-5.11856
-11.22	4.44922
6.41235	0.247633
2.61934	-1.65854
-2.74099	-5.01184
-3.36954	-3.16262
-1.50736	-1.68831
-2.82901	-3.26828
-3.14215	-15.5287
-15.8857	-21.1783
-19.027	-3.00186
-3.5005	-10.6052
-14.4388	-5.57531
-8.27505	1.67562
-10.914	-4.01696
0.114144	-9.89664
-12.3307	0.960337
0.690187	-5.2769
-5.77421	-6.56235
-6.27006	3.34886
0.930849	-4.54367
-2.23972	-4.23513
-2.8158	-4.81292
-3.5238	-2.35274
-3.30756	-11.9894
-12.7307	-0.874062
2.12326	-7.53341
-4.59008	-8.53787
-3.41956	-5.5865
-11.5965	5.18512
-4.52355	-8.44476
0.494136	-6.81342
-4.79402	-3.35726
-2.29595	-6.53323
-2.91234	-5.61803
-7.4805	-2.50009
1.85196	-6.40245
-5.3391	-0.92483
-1.56863	-3.2707
-3.07512	-3.84865
-2.56215	-15.7829
-15.7833	-17.5067
-13.4774	-4.17579
-4.9903	-16.5352
-17.6509	-11.4836
-9.75278	-8.93604
-7.49485	0.655871
0.396095	-3.24258
-11.0564	-3.92279
-3.86274	1.06706
1.55821	-2.92188
-2.83382	0.262904
-1.78074	-2.21636
-2.98523	-4.61507
-7.48669	-3.11072
-2.90668	0.415134
0.543871	-8.59214
-7.82537	-4.82423
0.513461	1.90601
11.6063	-9.62207
-9.36655	-7.35814
-10.6048	-9.7702
-5.2169	-4.68614
-0.520099	0.270217
-7.79225	-2.12513
0.108878	-1.2492
-3.80211	-1.9507
-4.18546	1.66746
11.5518	1.89026
-4.08562	0.164717
-1.82655	-0.960718
-3.27047	-3.965
-3.86357	-16.6797
-17.1912	-15.6777
-14.5219	-5.47345
-4.69877	-20.028
-12.8436	-10.7628
-4.02665	-1.96884
-3.25419	-5.95827
-10.4828	-12.1554
-10.5654	5.19094
5.49491	-1.19866
4.11695	-6.49581
-5.30007	2.38844
3.9656	-1.66307
-1.32524	-4.44836
-6.43033	-5.94645
-5.41567	0.494727
-1.64164	-5.21921
-5.26855	-1.92574
-0.489245	-0.205543
-0.402933	-27.7679
-24.1806	-10.3504
-10.3628	-9.32057
-1.29413	-0.0940776
1.97627	-17.8747
-17.9543	1.26477
2.01284	-7.95218
-5.11465	-3.07896
-2.271	4.88157
6.62991	-3.37682
-2.25346	-3.83778
-3.61472	-2.87831
-2.54084	-1.05115
-0.516025	-12.4282
-13.5166	-17.9864
-17.78	-1.34622
1.0464	-9.99249
-8.3881	-1.52707
0.644452	-6.51076
-6.59662	-10.9992
-10.5448	-5.22357
-4.04597	5.94752
-0.421036	0.33093
0.351948	-8.22535
-7.44158	3.79001
5.06171	0.117282
-1.86917	-1.53691
-1.80628	-2.06906
1.40782	-2.92444
-2.17592	-5.93562
-11.8417	-2.71035
-9.28757	4.4513
5.11333	-13.1268
-8.07024	-4.46923
-5.38492	-9.80431
-7.18091	-0.75694
8.94637	6.45883
-8.97283	-2.19321
-7.87813	-9.28729
-3.96654	-2.5618
-0.973691	3.41206
-5.30601	-1.5998
-1.73136	0.76213
-1.18708	-8.1826
-3.18433	3.37969
3.99892	-13.0307
-15.4912	-5.60332
-9.55395	4.22437
0.381659	-19.6442
-15.34	-5.6479
-5.09992	-4.70148
-0.213928	-10.6573
-2.72171	6.22309
5.19428	9.80866
6.5876	-1.537
0.665974	-0.025523
3.20111	-0.820979
2.64631	6.46452
-3.39497	-4.69788
2.20549	0.701047
-2.60754	1.04985
0.0847444	-22.0251
-21.2974	-10.7686
-9.96543	4.26837
2.90278	-10.0839
-14.753	-6.00531
2.38627	-1.42214
3.99647	7.68665
-1.33113	2.68458
7.16428	-1.91056
-4.03326	3.29333
2.18191	0.612647
-7.5463	-4.37473
3.84776	-3.32681
1.17723	-2.34528
-1.25866	-1.13549
2.1789	0.624107
-0.404276	-22.8576
-24.2166	-9.86357
-9.84906	3.44906
2.64838	-7.99291
-2.56784	-1.21218
-1.55578	-5.07753
-5.19366	-6.14474
-5.42286	-4.67335
-6.14755	-5.97803
-2.80943	-2.45295
-0.905415	-5.0386
-3.06649	-1.8405
-2.09245	-6.34895
-6.72207	-2.58075
-5.73774	1.53176
-0.933584	-3.62622
-2.03618	-11.9206
-17.4817	-8.00074
-5.95805	5.30895
7.0126	-9.90137
-9.52738	-2.7316
-3.08573	-4.60473
0.777162	-10.6332
-11.7476	-6.40956
-4.22554	-1.93082
3.76215	-5.22223
-6.5073	2.01316
0.0576382	2.0431
4.23434	-5.70192
-3.21688	-6.76289
-4.71833	-2.81531
-2.53586	-1.75994
-1.81503	-11.2272
-11.0443	-6.7741
-6.23333	1.11291
0.260701	-22.712
-23.5642	-8.55247
-9.14666	-18.3301
-19.6247	14.5808
10.7137	-7.49644
-5.67538	0.627482
3.9591	-8.25878
-9.3481	-1.25596
-2.23874	5.59005
5.00332	-7.9234
-6.3625	0.466607
-4.96902	-2.35676
-0.0442874	-2.6902
-2.5545	-27.0034
-27.104	-8.02682
-1.69124	-4.0982
0.510813	-7.5839
-12.2876	3.81275
3.07967	-5.60922
-0.397605	-4.47201
-2.13058	-8.31157
-10.8083	-0.865668
-1.68512	-11.0817
-11.9296	-1.03194
-0.00428734	7.28888
-0.512619	-5.54768
-5.8539	-5.59413
-6.68317	-3.54525
-3.05577	-1.84897
-2.39054	-4.81891
-7.5375	-1.67162
-4.14594	-2.08097
-0.9226	-12.7277
-9.07481	-9.00356
-4.68838	-14.3197
-13.8913	11.6131
9.67318	-3.39324
-4.11016	-8.11472
-8.16167	-9.7925
-9.901	-5.25318
-2.99624	0.465395
1.0214	-8.19513
-4.47136	0.938526
4.41818	-1.76441
-1.06274	-4.25126
-6.76979	-6.05101
-6.53337	-8.59032
-12.0893	-7.8575
-9.73773	-10.9082
-11.0708	-4.79834
-5.86845	-1.36747
-3.94489	9.9353
13.0612	-12.3096
-4.68853	-10.7084
-10.4163	-0.398389
-1.85626	4.07528
-2.53109	7.33505
0.895269	-0.914871
0.223104	-6.23522
-8.42682	-0.54574
0.512687	-2.39118
-3.77948	-11.8295
-12.7457	-13.8537
-13.0716	-4.8707
-5.76366	-7.61012
-8.53792	-7.26464
-9.05641	-11.4843
-12.2974	6.36166
9.39286	-11.825
-9.73757	1.42349
-0.581579	4.72909
5.19625	-9.64893
-0.0403185	-11.9944
-11.5794	-3.79443
-6.81531	-4.9194
-3.86227	1.8034
-0.78862	0.404653
-3.85726	-11.882
-12.3896	-8.19375
-11.8642	1.60621
-0.280273	-14.2863
-15.7419	-8.24253
-7.34619	4.8191
3.702	-27.6556
-26.4996	-9.80801
-6.07107	-12.7197
-11.8949	-6.24221
-4.61045	-5.28683
-4.37525	-3.35154
-1.51011	-5.82532
-9.68774	5.09521
4.10159	-6.50579
-5.78801	-9.88479
-9.8305	-3.71369
-2.59604	-2.87425
-4.74908	-0.252629
-0.675885	-9.7142
-15.5938	1.81449
-3.24507	-4.25823
-4.14341	-7.57189
-12.1588	3.1823
2.4644	-2.46363
0.197997	-3.27386
-1.96187	-5.30207
-1.3187	5.32
3.55095	-5.70093
-10.1178	-2.58356
-12.1597	-4.45051
-5.79523	-3.80393
-3.45831	1.32817
-0.87007	-2.51238
-1.8078	-2.34566
-1.86891	-14.2163
-14.242	0.602132
0.0473036	-5.40232
-7.5604	-25.4772
-26.1091	-3.52707
-3.98846	-14.7053
-15.0042	6.16398
3.92621	2.2338
-3.55874	-10.9
-9.06049	-1.37721
-0.831071	-2.12295
-2.81126	-4.35816
-3.77526	-5.54374
-5.09692	1.52682
0.913173	-4.74059
-2.86293	-0.599158
-3.76234	-7.49912
-17.5989	-2.30953
-4.99643	-3.67507
-1.7628	-15.6135
-16.1116	-13.7977
-13.2764	-3.31293
0.114596	-8.27299
-7.65994	-2.64003
-3.13719	-2.92438
-1.80332	-7.18984
-10.8134	-4.08559
-6.31685	4.30275
7.156	-8.10891
-1.61238	1.17643
-1.19844	-5.54252
-1.24058	-0.339367
-2.97008	-27.9341
-26.9388	-7.69356
-10.3563	-6.25696
-1.96861	-11.5699
-13.6053	-8.04814
-7.20423	-0.810654
-6.15426	11.1886
9.25236	-8.70526
-5.5642	-9.40272
-9.81866	-4.09283
-0.717764	-6.47798
-7.84771	0.782456
1.48922	0.121488
2.55739	-8.01357
-7.26883	-3.17719
-5.67064	-2.79089
-2.03872	-8.34695
-8.48441	-12.3619
-12.8797	-6.16418
-4.82205	-15.3287
-15.2302	-4.23064
-0.00126862	3.9838
4.66885	-8.73227
-8.98815	-16.8664
-13.295	1.28987
1.69543	-9.28035
-9.52876	7.51576
4.56709	0.843678
-0.174831	-6.14913
-4.91632	-4.7442
-4.04533	-2.17955
-3.72483	-3.38389
-3.3646	-15.7457
-19.043	-2.0991
-6.20259	-10.8432
-0.815012	-12.3966
-13.1004	1.30503
-3.10107	-2.82085
-9.35352	-3.93461
-15.9113	-11.6912
-12.5303	2.39351
4.78504	-8.94956
-8.91853	1.22354
1.39601	1.71157
1.89179	-3.19639
-5.8289	-3.4341
-3.88788	-2.57568
-1.48133	-5.03381
-3.83778	-16.8913
-17.3328	-12.3515
-10.7773	-6.80081
-6.56877	-21.4975
-23.8996	0.345426
-0.64642	-6.15807
2.48383	-1.30583
-8.80719	-4.12895
-9.30406	-6.22224
-3.11203	1.06668
-6.2752	-1.82567
-6.52342	3.90206
-3.76665	-0.457293
-0.589042	-8.02661
-7.04752	-1.10928
0.798581	-3.19562
-2.30639	-9.76169
-10.5921	-18.9067
-18.2939	-4.41311
-3.76899	-11.739
-12.5181	0.700609
-0.683813	1.51294
1.85527	-7.56757
-12.1453	-8.51808
-8.63561	2.50367
-4.21165	-10.5566
-12.7449	-8.65367
0.547558	-2.16396
4.44728	-3.42797
-3.45737	-1.56916
-3.70459	-2.95513
1.57896	-2.3161
-3.41306	-23.9831
-12.6268	-12.6688
-12.3122	-4.69688
-5.32664	-17.3418
-19.1039	-6.44239
-8.59459	-4.78892
-7.72406	4.37855
1.89483	-6.62196
-4.63002	-7.33795
1.75331	-7.22985
-7.17036	-3.14465
-7.55753	1.25908
-3.35575	1.16392
2.12822	-6.91611
-7.81129	-0.0390492
-1.10806	-5.24547
-4.70074	-16.0315
-14.9356	2.58721
1.25216	-6.3429
-7.88222	-18.8458
-17.2367	-4.84265
-4.52121	-7.49335
-5.11694	-2.00653
-1.59752	-6.07672
-8.2982	-5.09098
-7.60987	1.85093
1.16214	-6.28318
-4.45064	0.348068
-2.53588	2.7873
2.16428	-4.275
-5.81181	-1.36158
0.0311361	-5.82641
-5.06638	-7.05513
-8.0727	-17.1397
-16.1861	-6.00767
-4.2516	-11.163
-16.5476	-5.68947
-15.383	-6.56915
-7.23155	6.02873
9.76226	-16.9958
-15.4722	-2.71741
-4.88263	-0.143455
-1.01775	-4.4617
-2.78106	-0.878364
-3.69097	3.95817
3.91449	-1.08765
2.35968	-3.67456
-3.72174	-4.89514
-2.83283	-14.7353
-16.3874	-10.7
-14.8587	-6.28647
-4.66959	-10.4647
-8.05481	-1.75955
-2.79097	-4.82568
-3.71014	-1.02374
-2.14759	-17.4258
-12.3179	3.39367
4.44321	2.34394
7.54632	-7.24385
-4.0083	-3.63663
-5.75149	-1.06391
-0.0535441	-7.90279
-2.9933	1.42789
-4.02587	3.49906
0.357463	-15.328
-19.5145	-12.264
-11.8669	4.69119
3.71665	-12.0003
-13.7871	-8.59708
-6.61267	-4.02599
1.2567	7.00231
-7.12647	2.44267
1.24766	-4.6633
-23.2926	-8.8163
-10.4629	4.6625
2.08056	-2.32411
1.85645	0.492205
1.55168	6.71927
-10.7762	-21.9363
-10.4595	-16.4376
-22.1537	11.3526
3.73193	-10.4683
-5.35349	-2.58523
2.72044	-3.23723
-3.32611	-3.80364
-2.71786	-4.35198
-2.95408	-1.24204
-0.851623	0.324173
-1.25677	-18.7764
-25.4565	-7.07513
-6.46856	1.49123
1.96387	-12.3857
-13.0914	4.44273
3.83995	8.02732
1.50034	0.587832
-2.35765	-0.548902
4.83515	-2.24085
-1.71534	2.67287
-6.83017	-6.30551
-1.45305	6.46056
2.42163	-6.87664
-1.67126	-1.5323
1.2089	-4.51609
-4.24526	-0.503536
0.927781	-13.7151
-14.4135	-2.12011
-0.889816	-15.1077
-14.1021	-23.1219
-18.464	-4.4782
-2.97874	-9.75495
-12.7726	0.0578887
0.301533	-9.57569
-6.66595	-3.20236
-3.58893	-3.94009
-3.72266	0.413914
-1.57642	-2.50321
-3.29674	-6.57758
-8.51665	-5.44947
-2.86998	-2.13674
-3.58701	-4.03696
-3.3126	-13.1755
-12.3929	-3.54461
-6.20766	-3.84369
-4.07689	-20.3749
-22.6145	-0.78888
-3.48773	-2.28872
-0.594945	1.20232
5.92412	-6.01839
-0.636333	-7.49541
-8.14937	0.828911
0.133368	-2.1326
-1.09919	-4.182
-2.46198	-0.511491
-0.630036	-6.16283
-4.09292	-1.14654
-1.71001	-0.271835
-0.502802	-8.00718
-9.443	-2.40588
-5.95126	-1.27413
-9.50762	-10.3419
-6.09517	2.44477
0.559878	-7.03401
-3.8949	-2.65972
-4.88038	-12.9507
-12.4386	-2.96997
-1.59226	1.29046
10.0156	-7.52695
-1.49338	2.87016
2.14532	-2.13084
-0.631337	-4.30443
-8.21392	-0.357075
-0.866892	-0.434549
-4.13612	-9.19965
-8.96786	-3.63782
-9.99926	-3.71124
-5.81369	-8.39657
-9.17801	-8.9705
-10.4158	-1.83462
-0.469317	-4.54139
2.29239	-7.38564
-5.30481	1.4705
-2.78595	-3.91398
-3.46186	3.18973
0.998681	-4.60949
-9.07897	1.62385
-3.50961	-2.97631
-2.91948	-1.90653
-4.46159	0.40713
-2.3034	-17.092
-13.2658	-7.17396
-7.94508	-5.78374
-2.16099	-14.1824
-16.7564	2.50674
2.29882	-0.364923
0.457973	-14.1416
-15.3213	3.49082
-1.4828	-1.35379
-8.13784	-8.99666
-1.94046	-4.49705
-4.44134	3.80953
-6.21206	-5.20119
-6.00275	-0.312951
-3.52803	1.95064
0.603696	-2.97069
-3.69195	-14.0484
-12.7352	-19.6355
-17.9461	-0.358762
-1.20903	-12.7382
-11.5853	3.66421
4.61699	-1.82788
-0.820636	-12.2992
-8.47772	-7.59591
-0.613816	-8.50171
-10.0235	-6.47613
-6.81682	-3.37644
-2.27468	-6.4861
-6.90999	-5.7515
-3.97272	-3.43269
-2.11916	-1.26635
-1.64006	-1.85227
0.437536	-9.02838
-8.781	-2.08858
-0.50984	2.51412
7.94124	-17.8225
-13.441	-14.9232
-11.0814	-10.4966
-5.1563	-4.69281
-9.22571	-3.43291
-0.346059	0.0839145
-0.538439	-1.96557
-3.32054	-1.19045
0.22535	-4.36704
-4.4406	-3.13293
-2.15787	-1.14632
0.725848	-0.861505
0.287186	1.72113
0.149889	-19.6291
-20.6881	-9.48041
